  1.4419243e+000 -7.8853541e-001 -3.6444701e-001 -7.8390272e-002 -9.1941309e-001  1.1740059e+000 -2.0654120e+000  1.1258050e+000 -1.2122040e-001 -7.6156102e-001
  1.1394737e+000  1.6004676e+000  1.5026780e+000 -1.2613441e+000 -4.1740270e-001  5.2491023e-001 -1.9061702e-001  6.7965261e-001  2.1676343e-001 -2.0123672e+000
  2.4067438e-001  3.4237153e-001  5.0402567e-001 -2.4558679e-001  1.0567527e-001  1.0635089e+000 -2.6865586e-001  7.9924674e-001 -5.6430771e-002 -7.0286362e-001
 -2.8236156e-001 -3.4955805e-001  1.0149206e+000 -8.4136945e-001 -6.5718488e-001 -1.0040735e+000  1.3665105e+000  9.9981176e-002  1.4925623e+000  9.9452431e-001
  1.6340639e+000 -3.8384860e-001 -1.6219661e+000 -1.1864179e-004 -1.4967552e+000 -1.6367464e+000 -9.2860471e-001 -1.0111807e-001 -5.6038361e-001  1.3644293e-001
 -7.3575095e-001  8.4711765e-001 -8.2509128e-001  2.3104029e-001  1.1130405e+000  1.1734651e+000 -1.5070645e+000  9.0623873e-001  4.9047880e-001  1.2552027e+000
  1.3984408e+000  1.2999318e+000 -1.2910952e-001  3.6603300e-001  8.5426887e-001 -6.3473340e-001  1.5242368e+000  1.8960714e+000 -1.9801901e+000  5.5116329e-001
 -1.1250279e+000 -5.2478717e-001 -1.4161589e+000  6.1639613e-001 -1.0325100e+000  1.1054578e-001 -5.0417848e-001  4.3512969e-001 -5.8497144e-001  4.2559984e-001
 -1.8586947e+000  1.2713328e-001 -3.4750952e-001  1.5706819e-001 -3.8501037e-001 -8.5138125e-001 -5.0995664e-001 -4.8381457e-001 -2.2582647e+000 -9.8971600e-001
 -9.1112400e-001  3.8886054e-001  3.9546872e-001 -1.6944543e+000  1.3577184e+000  9.3174278e-001  2.0511344e-001  1.9286169e+000 -1.3053404e+000  1.9613797e-001
  1.1535039e+000  9.2680541e-001  3.8377414e-001  1.2774018e-002 -1.6514348e-001  1.7903176e+000  2.4142723e-001 -1.1888971e+000 -6.3228674e-001 -3.4834095e-001
  9.2323937e-001  8.8350588e-001 -1.3898368e+000  5.1074025e-001  1.6287353e-001  2.8686109e-001 -1.0548879e+000  1.4624582e-001 -5.6617472e-001 -3.2351812e-001
 -4.5447137e-001  1.2832425e-001  8.3379422e-001 -7.6177992e-001 -2.9432303e-001 -8.5742954e-001  5.5924387e-001 -2.3471318e-001 -2.4362111e-001 -4.6463511e-001
  2.0769276e-001 -8.8406148e-002 -3.1459995e-001  1.9559441e+000 -1.4661784e-002  1.0890285e+000 -2.9185933e-001 -1.0599699e+000 -1.3467911e+000 -1.8921699e-001
  3.6402714e-002 -3.1993974e-001 -3.2290071e-001  7.1430088e-001 -1.0614925e-001  6.1401510e-001 -4.7381726e-001 -3.5377881e-001 -8.5847536e-001  9.5547217e-002
  1.3014708e+000 -3.7567286e-001 -1.1773831e+000 -1.0247397e+000  1.0345683e+000 -9.3072949e-001 -6.0043267e-001 -7.7387333e-001  1.2376505e+000  9.3161022e-001
 -1.8665450e-001  5.9269067e-001 -8.5567919e-001 -3.8961076e-001  1.8017604e+000 -2.2512065e-001  6.3891985e-001 -4.4392847e-001 -5.6031566e-001 -5.1382756e-001
  2.6635698e-001  1.0827861e+000 -4.1821808e-001 -8.4804336e-002  1.6471283e+000 -1.2488340e+000  9.5249770e-001 -1.2460231e+000 -1.2144554e-001 -2.6616791e-001
 -9.3656672e-001  1.0696430e+000 -1.4145044e-002  1.9556384e-001 -4.6654821e-001  4.8082486e-001  1.1407383e+000 -1.2064999e+000  4.9602216e-001  3.8014723e-001
  2.7379097e-001 -2.0970461e+000 -1.3791645e-001 -5.7303389e-001  1.1604573e+000  2.5634460e+000 -2.3984430e-001 -4.9501949e-001  1.2350737e+000  8.8641857e-001
