  1.2886842e+000  1.8733857e+000  1.4274834e+000  1.0858820e+000  1.7851375e+000  1.0111370e+000 -7.4063134e-001 -3.9069208e-002  1.4377354e+000  3.4128260e+000  4.1477638e+000  2.2087282e+000  2.8435862e+000  1.6219806e+000  2.0121844e+000  1.1967992e+000  1.9727079e+000  1.9726387e+000  2.2612542e+000  1.6197826e+000
  2.3314216e+000  3.1190698e-001 -4.8951991e-001  2.8429592e+000  1.5425818e-001  1.8054635e+000  2.2972369e+000  7.4574761e-001  1.0933229e+000  1.0251034e+000  1.3822328e+000  1.8518149e+000  1.5265368e+000  1.6206259e+000  1.1501261e+000  4.3627496e-001  7.0497998e-001  1.2966825e+000  2.6425464e+000  1.0844852e+000
  7.8699790e-001  2.2183607e+000  5.7639601e-001  2.8892001e+000  2.2357755e+000  8.6466958e-001  9.7680611e-001  1.1337759e+000  1.9421803e+000  1.5976211e+000  1.9358718e+000  2.6638366e+000  2.0201187e+000  7.5418038e-001  1.8641438e+000  1.0725341e-001  4.9061414e-003  1.5614074e+000  2.9896730e+000  1.5279170e+000
  3.1565863e-001  1.9529574e+000  1.5230391e+000  1.9114402e+000  1.9838769e+000  4.2142341e-001  8.9055517e-001  3.7533391e-001  1.7580735e+000  2.5794282e+000  2.2980829e+000  8.2269238e-001  1.9483241e+000  2.3250425e+000  1.7078917e+000  9.1456299e-001  1.8547160e+000  1.7314913e+000  2.2257247e+000  2.3332536e+000
  1.6364872e+000  1.4155114e+000  1.5113260e+000  1.8203065e+000  3.1332755e+000  1.6364831e+000  2.0747633e-001 -8.4277684e-002  4.1870338e-001  1.9729770e+000  3.1328820e+000  1.7793836e+000  1.7162434e+000  1.2569920e+000  2.0120099e-001  6.3338523e-002  2.4435668e+000  8.3704965e-001  3.4386217e+000  1.3332174e+000
  1.2299362e+000  1.7781191e+000  9.9620333e-001  2.2205817e+000  2.9185469e-002  7.9844244e-001  9.7791426e-001  2.3745187e-001  1.8536322e+000  2.8342034e+000  3.3325738e+000  2.8471561e+000  2.9388121e+000  1.3781833e+000  7.7702293e-001  6.0632689e-001  5.7381620e-001  1.5999891e+000  2.8500911e+000  6.8448175e-001
  1.4887215e+000  1.7719712e+000  1.3279854e+000  2.7143436e+000  2.1544198e+000  3.1838307e-001  1.0543346e+000  7.2091259e-001  1.8570020e+000  2.8334030e+000  1.8329950e+000  2.4392037e+000  1.8415267e+000  2.0410959e+000  1.3722468e+000  1.4000170e+000  1.0092534e+000  2.1793470e+000  2.7967976e+000  1.7665827e+000
  1.2461078e+000  2.1578935e+000 -2.8066655e-001  2.3723040e+000  2.2994042e+000  2.1181804e+000  2.5233852e-002  2.8084016e-001  1.0821680e+000  2.3092734e+000  2.3315306e+000  3.7424238e+000  2.0794311e+000  1.9144207e+000  2.6739696e+000  6.2439428e-001  1.0032843e+000  2.7574858e-002  9.2388595e-001  1.7468771e+000
 -8.7341182e-001  1.3536850e+000  1.2489150e+000  1.9804447e+000  1.3182612e-001  1.7584111e+000  1.9408444e-001  6.3255522e-001  1.6766181e+000  1.5625458e+000  1.7345005e+000  2.3109943e+000  1.5905859e+000  3.7777610e-001  7.8532798e-003  2.8755964e-001  1.9156054e+000  1.7725698e-001  3.3304360e+000  1.9547995e+000
  1.3560737e+000  1.8531658e+000  8.4327036e-001  3.8390919e+000  2.6735846e+000  1.7234054e+000 -1.7232911e-001  4.1046651e-001  5.3692849e-001  2.2128907e+000  2.5648409e+000  1.6209966e+000  1.1408697e+000  1.9620610e+000  1.6512733e+000  5.7929111e-001  2.1960162e+000 -3.5311109e-001  2.7310327e+000  1.7867606e+000
  7.0537990e-001  1.6935691e+000 -1.1753902e-001  2.1942490e+000  3.3566460e-003  6.4621978e-001  1.1774954e+000  1.7804542e+000  1.3467944e+000  1.8145960e+000 -3.0338560e-001  2.5915301e+000  1.5929419e+000  1.5023299e+000  9.2084812e-001  2.0983077e+000  4.1387279e-001 -3.0692584e-001  2.1390413e+000  1.2615378e+000
  3.0085637e+000  1.2143114e+000  3.0712122e-001  2.4145573e+000  2.9139229e+000  1.9847961e+000  3.4101454e-001  5.2078610e-002  1.7312465e+000  2.0535809e+000  1.7040227e+000  2.9975033e+000  2.3420658e+000  2.9098699e+000  9.9776349e-001  1.0423665e+000  6.0100597e-001  1.0305044e+000  1.0853828e+000  8.9552735e-001
  1.1213777e+000  5.6974838e-001  9.0717030e-001  1.9921403e+000  1.8747518e+000  2.2466622e+000 -6.5516867e-002  8.2128327e-001  9.7198447e-001  8.4835309e-001  1.0471019e+000  2.5155233e+000  7.4343615e-001  1.6051371e+000  1.1056855e+000  6.9866025e-001  1.0341395e+000  1.0610176e+000  3.3699640e+000  2.4725432e+000
  1.8666241e+000  2.5675944e+000  1.3139032e+000  2.3183982e+000  2.1509510e+000  2.5496609e+000  5.5338181e-002 -1.6398614e-002  4.1463694e-001  2.2958873e+000  2.1274208e+000  1.1889808e+000  1.8904610e+000  1.0036390e+000  5.2756067e-001  1.2197758e+000  2.4747586e-001  1.0068154e+000  2.2959959e+000  1.0020743e+000
  1.8196996e+000  6.4376819e-001 -6.6682996e-002  1.7598684e+000  1.4347300e+000  9.6573461e-001  1.1698820e-002 -1.0029000e+000  1.4835156e+000 -5.0675007e-001  1.6531443e+000  1.0772685e+000  1.3455231e+000  4.4082775e-001  1.1400771e+000  3.0062146e-001  8.7543737e-001  5.1399540e-001 -3.0852764e-001  2.8547094e+000
  1.3549968e+000  1.8515617e+000  5.4677393e-001  2.4364355e+000  2.2302181e+000  1.0536522e+000  3.7084623e-001  7.9065298e-001  1.5987324e+000  1.6972951e+000  1.5365993e+000  2.0891540e+000  2.9339113e+000  1.3109084e+000  7.5472163e-002  1.2123062e+000  1.1957002e+000  5.8306601e-001  2.8843952e+000  9.0854576e-001
  5.0180944e-001  7.0463162e-001  3.2031536e-001  2.3277015e+000  3.0816572e+000  1.0817903e+000  1.6655678e+000  1.7213230e+000  1.5782678e+000  9.8663234e-001  2.2795471e+000  1.3783073e+000  1.5028391e+000  1.5236616e+000  1.3363792e+000  1.1809446e+000  4.8758848e-001  1.2258847e+000  1.7900738e+000  1.0321526e+000
  1.5014743e+000  1.2769180e+000  7.7631855e-001  2.3854927e+000  2.7123325e+000  2.3109273e+000  2.6780839e-001  1.6034030e+000  1.3745413e+000  1.6279466e+000  1.1606956e+000  9.1437296e-001  2.6648396e+000  1.2442864e+000  1.6553740e+000  1.6510375e+000  8.3290818e-001  6.0946785e-001  1.9308796e+000  1.5658867e+000
  2.3564971e+000  1.7657823e+000  1.7719821e+000  3.1797303e+000  2.4787282e+000  6.0204864e-001  1.4331371e+000  1.6926394e+000  7.0452292e-001  2.5137154e+000  2.4259688e+000  2.0890498e+000  2.2179989e+000  1.8995754e+000  1.4892441e+000  1.0400562e+000  8.9441384e-001  9.6501987e-001  5.6392287e-001  1.8239975e+000
  1.5058682e+000  2.2835517e+000  5.4085016e-001  1.8253778e+000  3.7796323e+000  1.8290409e+000  1.4789481e+000 -5.1805597e-001  1.3697297e+000  1.9887621e+000  1.5094817e+000  1.4094294e+000  2.7899015e+000  1.1521359e+000  1.0392981e+000  1.3650247e+000  9.5491321e-001  1.2831530e+000  6.8357896e-001  3.2385807e-001
  8.0521118e-001  3.1675608e+000  1.0558341e+000  1.7272419e+000  1.3714030e+000  1.3729139e+000  9.4433696e-001  8.8572802e-001  2.9783138e+000  2.1106011e+000  1.5782649e+000  2.1684664e+000  2.3302602e+000  1.9866256e+000  1.1803704e+000  3.7355339e-001 -1.4671319e-001  6.7785083e-001  6.9811597e-001  2.4176007e+000
  1.9665534e+000  1.4413609e+000  1.8980093e-001  2.1599374e+000  2.0723600e+000  1.0419303e+000  1.0461716e+000 -1.4952241e-001  1.3355649e+000 -1.1062165e+000  1.5451790e+000  8.6807896e-001  1.8300858e-001  5.7685291e-001  2.0934601e+000  3.4866040e-001  5.6718762e-001  1.6872071e-002 -3.9937050e-001 -7.8454982e-002
  2.2441638e+000  9.8413261e-001  5.5753317e-001  2.6422932e+000  1.4817551e+000  1.4485840e+000  5.1323950e-001  2.7502486e-001  2.5824073e+000  1.3684946e+000  2.6220924e+000  5.0708102e-001  2.4555724e+000  2.0971737e+000  2.5565686e+000  6.1819976e-001 -6.2813474e-001  5.0623213e-002  1.5264108e+000  3.1172415e+000
  1.2321980e+000  6.9081622e-001 -8.5356592e-001  8.7563590e-001  2.1126355e+000  1.1495844e+000  1.9119760e-001 -1.1719478e+000  1.8055323e+000  1.5071297e+000  1.1643969e+000  1.0287616e+000  1.2308633e+000  1.5967155e-002  1.2154657e+000  4.7208199e-001  7.3356303e-001  2.1769630e+000  2.4104056e+000  1.7303931e+000
  1.0176812e+000  9.5080854e-001 -9.7554952e-002  1.5705660e+000  2.2069851e+000  2.9142256e+000  4.6829881e-001 -1.2985659e-001  1.5526826e+000  7.3445107e-001  2.0411095e+000  1.1059844e+000  8.5518251e-001  2.7660952e+000  1.0921599e+000  7.4474850e-001  1.1826342e+000  9.0199336e-001  2.8012449e+000  1.9798761e+000
  2.6367356e-001  1.7910030e+000  9.3024290e-001  1.3055894e+000  1.9599300e+000  6.7646522e-001  4.5121576e-001  1.1524233e+000  8.2067376e-001  2.2748336e+000  1.7695392e+000  2.5182596e+000  1.5356341e+000  1.4738664e+000  9.8602312e-001 -9.1567715e-001  1.0900820e+000  3.6705922e-001  2.8169101e+000  2.0077785e+000
  1.0225316e+000  1.8706934e+000  7.4618099e-001  2.4040406e+000  3.3086115e+000  1.8602276e+000  1.3249018e+000  1.1492855e+000 -5.2540791e-001  1.4815219e+000  2.3953068e+000  1.0155748e+000  2.2453993e+000 -2.6988270e-001  1.2808054e+000  5.9322395e-001  4.3645566e-001  8.7050061e-001  1.2059412e+000  2.7807737e+000
  2.1790829e+000  2.5363223e-001  9.2898447e-001  2.1836220e+000  3.1762720e+000  2.0948016e+000  4.3303136e-001  1.6541902e+000  1.4739032e+000  1.6283326e+000  2.0967334e+000  1.6130045e+000  2.0894731e+000  1.0861471e-001  2.4010767e+000 -3.3264285e-002 -1.8065365e-002  5.2524611e-001  3.2234444e+000  2.2217662e+000
  1.3447059e+000  2.7415899e+000  8.0652654e-001  2.2185771e+000  2.1503765e+000  1.8036002e+000  4.6082683e-001  6.3004808e-002  1.2088922e+000  2.3055071e+000  2.4121489e+000  3.4768769e+000  9.9836093e-001  9.2209669e-001  2.7622816e+000  8.4346689e-002  6.5206220e-001 -4.4905092e-001  2.1780480e+000  2.7819696e+000
  8.7567123e-001  7.5363474e-001  1.0237506e+000  2.1704398e+000  2.5348052e+000  1.4155143e+000  1.4257899e+000  1.3875626e+000  1.0917286e+000  7.7872785e-001  1.3524641e+000  1.7960406e+000  1.9902216e+000  1.5586886e+000  1.8832906e+000  3.0121537e+000  7.4965525e-001  1.3642055e-001  3.2235354e+000  3.3159462e+000
  1.7936129e+000  2.0814231e+000  2.9244331e+000  3.1945007e+000  2.3004797e+000  1.2839955e+000  1.3565942e-001  1.1137215e+000 -4.9847655e-002  1.7557343e+000  3.4701137e+000  3.0467783e+000  2.9138820e+000  6.8747192e-001  1.5214017e+000 -1.8294841e-001 -7.3673679e-002  1.0256302e+000  5.6785158e-001  8.6155497e-002
  1.3494995e+000  1.6893258e+000  7.2297161e-001  3.2409831e+000  2.6736975e+000  2.2727045e+000  1.1570667e+000 -7.7808016e-001  3.5894650e+000  3.0210287e+000  2.9251989e+000  3.4183879e+000  2.8320554e+000  1.7818867e+000  8.0052972e-001  7.0695133e-001  1.9358055e+000  1.5008742e+000  2.1770306e+000  1.5082619e+000
  2.9114072e+000  3.0308321e+000  1.6727339e-001  1.1057545e+000  1.8242133e+000 -2.6645639e-001  1.9101013e+000  1.3482585e+000  7.1518791e-001  1.8963528e+000  2.1964605e+000  2.3366044e+000  1.8437175e+000  8.8620588e-001  1.0773609e+000  1.2791972e+000 -4.4177929e-002  1.0432617e+000  1.4613297e+000  1.8304420e+000
  1.2764922e+000  7.3298424e-001  1.4707843e+000  4.3769570e+000  1.6737750e+000  2.0188622e+000  6.3418666e-001 -1.1549183e-002  1.3157674e+000  1.0559210e+000  1.4327404e+000  1.2877115e+000  1.5679889e+000  8.8995279e-001  1.8162894e-001  2.0060596e+000  1.6657127e+000  3.6074545e-001  1.7314869e+000  1.5314277e+000
  1.3846136e+000  2.0366563e+000  9.2818109e-001  2.1194022e+000  2.2726433e+000  1.4088476e-002  1.1065574e-001  1.1605355e+000  6.6491408e-001  1.8038198e+000  2.0322681e+000  1.5040367e+000  1.8228772e+000 -9.2178863e-002  5.2601033e-001  2.3612895e+000  4.2024621e-001  2.6648593e+000  1.8941795e+000  6.1935899e-001
  1.2765754e+000  1.0110898e+000  1.1909572e+000  2.3280964e+000  1.4773700e+000  1.7079603e+000 -8.5124941e-002  1.1070637e+000  9.5423001e-001  2.9404614e+000  2.0976309e+000  3.5420471e+000  3.1151771e+000  1.2512326e+000  1.3733526e+000  8.4498239e-002 -7.7928039e-001  9.4498833e-001  1.0582799e+000  3.1439635e+000
  1.6590121e+000  1.1212273e+000  1.9827860e+000  1.5976517e+000  9.3947560e-001  2.1693654e+000 -2.9338328e-001  2.0277080e-001  1.8314930e+000  2.3668048e+000  1.5040325e+000  1.5483142e+000  3.1199578e+000  1.0773624e+000  1.6579987e+000  2.2381361e+000  3.2425236e-001  1.4078046e+000  1.5522351e+000  1.0816424e+000
  2.1639842e+000  1.2780206e+000  5.8459719e-001  1.2778268e+000  2.7223421e+000  1.3615965e+000  1.2410892e+000  3.5085586e-001  8.4607868e-001  1.4732567e+000  2.9912272e+000  1.9124886e+000  5.2476843e-001  1.5232172e+000  1.7729108e+000  1.3855496e+000  4.5094457e-001  7.1341218e-001  2.8292556e+000  1.1475776e+000
  9.9899745e-001  4.9020371e-001  1.3012362e+000  2.0264830e+000  1.3062393e+000  5.7777947e-001  6.6529061e-001 -2.5994516e-001 -4.5808202e-001  5.8378468e-001  2.9412494e-001  1.1144649e+000  7.5494586e-001  3.0291953e-001  8.4516891e-001  6.8418641e-001  1.9185047e+000  1.4590598e+000  1.9726082e+000  1.2886235e+000
  1.5003741e+000  1.1169650e+000  1.6287597e+000  1.3814230e+000  1.7915236e+000  9.3653912e-001  1.8867470e+000  2.6400652e-001  2.0033647e+000  2.6547619e+000  1.5025034e+000  1.5805992e+000  2.0628169e+000  1.5024882e+000  8.5225684e-001  1.0809237e+000  5.4567528e-001  9.9096862e-001  1.3721423e+000  1.3774189e+000
  2.2976091e+000  1.6088837e+000  1.5889011e+000  2.3491310e+000  1.9168580e+000  5.2694194e-001  1.0117050e+000  1.8243245e-001  1.9452454e+000  3.2261825e+000  2.7899948e+000  1.3634399e+000  2.6976477e+000  2.7700243e+000  1.4598849e+000  5.1011514e-001  6.9447247e-001 -7.4882192e-001  2.3582332e+000  1.6736576e+000
  1.1941625e+000  1.2116155e+000  3.6843428e-001  1.4363086e+000  1.8401703e+000  2.4911119e+000  1.0111534e+000  7.8165189e-001  1.0253451e+000  1.3703749e+000  3.0658212e+000  2.3400153e+000  1.4220399e+000  1.4786915e+000  2.5155524e+000  7.7634568e-001 -1.9886998e-002  1.1435806e+000  1.4518715e+000  1.1820342e+000
  1.3622307e+000  1.3458733e+000 -1.4045668e+000  1.5029244e+000  5.1500925e-001  1.8459808e+000  1.4585964e+000  4.0815434e-001  4.0918241e-001  2.5888305e+000  2.9586699e+000  2.0682906e+000  2.2283925e+000  2.2123373e+000  1.3192904e+000  7.1385950e-001 -1.2481748e-001 -4.8634490e-002  2.1046409e+000  9.4454153e-001
  4.1557330e-001  2.1925132e+000  1.9940074e+000  2.8741088e+000  2.4591389e+000  1.9785948e+000  1.8498061e-001  1.7787918e+000  1.5321163e+000  2.1931159e+000  2.7285222e+000  2.3585929e+000  3.3873650e+000  6.9750692e-001  1.5264525e+000  1.2240218e+000  5.0078674e-002  1.1967558e+000  3.7361173e+000 -5.9897913e-002
  1.6702390e+000  1.7225300e+000  1.6585620e+000  1.9364797e+000  2.9642722e+000  1.8192990e+000 -2.9497163e-001  5.9925944e-001  2.1873298e+000  1.8772330e+000  2.4491831e+000  2.4068238e+000  3.7637098e+000  1.9518858e+000 -4.5836878e-001  6.7267349e-001  3.7838000e-001  6.4898392e-001  1.9385918e+000  2.3192784e+000
  1.5467263e+000  1.9214448e+000  1.1441153e-001  2.3244069e+000  1.4179155e+000  1.2684738e+000  4.8252588e-001  1.1842020e+000  1.6171446e+000  2.9851021e+000  1.7930232e+000  2.4071087e+000  1.8802909e+000  1.6583266e+000  1.6682454e+000  4.2562135e-001  2.2159640e+000  1.6193114e+000  2.8027815e+000  1.3464479e+000
  1.3426383e+000  1.7857169e+000  1.7937166e+000  1.8576493e+000  2.2269914e+000  1.6602317e+000  8.2032131e-001  7.5154201e-001  1.0651462e+000  2.0910176e+000  1.1072406e+000  7.5758074e-001  2.3410902e+000  1.7249566e-001  1.7304250e+000  1.0622357e+000  1.6584934e+000  7.8352653e-001  2.5541442e+000  1.4944556e+000
  2.4425768e+000  2.3210835e+000  6.8368320e-001  8.2779366e-001  1.4160200e+000 -2.3142676e-002  6.1612901e-001  4.9293353e-001  1.8231810e+000  1.9429587e+000  2.6593192e+000  2.6106283e+000  2.9114488e+000  6.3458184e-001  8.1076528e-001  9.3222814e-001  1.4196807e-001 -8.4125403e-001  1.0729198e+000  1.5768856e+000
  1.5507420e+000  1.4183462e+000  1.1878623e+000  2.9755023e+000  2.4954810e+000  1.6220417e+000  9.9769814e-001  1.8238856e+000  1.3167857e+000  1.6306581e+000  2.2852595e+000  2.3733815e+000  1.9058539e+000  1.6288324e+000  1.2116463e+000  1.9099545e-001  1.1671987e+000  3.5653402e-001  2.0688107e+000  1.3546994e+000
  9.3862293e-001  6.7236853e-001  8.3352747e-001  2.6748622e+000  1.8811165e+000  8.7940963e-001  4.2115859e-001  8.6611531e-001  1.9124080e+000  2.0775556e+000  3.4691130e+000  3.1066253e+000  2.0151679e+000  6.5251951e-001  2.1052675e+000  1.4009314e+000  3.4061379e-001  1.5272345e-001  1.3022218e+000  1.3461701e+000
  1.3596456e+000  1.2479851e+000  1.9906522e+000  2.6848472e+000  3.1314570e+000 -2.2424917e-001  1.0164504e+000  9.5646248e-001  1.1990144e+000  2.4016057e+000  2.9226911e+000  1.1973426e+000  2.5419300e+000  9.6451617e-001  1.9418037e+000 -4.5123540e-001  1.0672899e+000  1.2112781e+000  2.1833100e+000  9.4758810e-001
  3.5149946e-001  1.5554976e+000  1.1502367e+000  4.2797342e-001  2.3344552e+000  8.5099727e-001  1.1846195e+000  1.3563557e+000  1.8860447e+000  1.0655236e+000  1.1298494e+000  8.1839349e-001  1.6809065e+000  3.0624834e-001  8.2565643e-001  1.0997140e+000 -2.1270783e-001  2.2809046e-001  1.1894198e+000 -4.6133450e-001
  1.3349443e+000 -4.9216386e-001  1.1582479e+000  1.7922895e+000  2.6341768e+000  1.2512157e+000  1.5476051e+000  6.6603234e-001  1.0096256e+000  2.3295612e+000  3.5535803e+000  2.8881470e+000  6.8166896e-001 -3.0125831e-001  8.9715889e-001  5.4421337e-001  1.2170061e-001  6.5391800e-001 -9.3131649e-002  8.8377003e-001
  1.5371429e+000  1.3545957e+000  4.1913774e-001  1.7453468e+000  1.8540409e+000  1.2754663e+000  1.1030668e+000  1.3123644e+000  1.8768163e+000  7.4707821e-001  1.6269498e+000  1.2367992e+000  2.6943836e+000  1.9237633e+000  2.1169847e-001 -2.9968950e-001  6.8561517e-001  2.2383868e-001  2.4418765e+000  4.7718560e-001
  1.0326629e+000  1.8510651e+000  8.1603647e-001  3.0528703e+000  2.8048703e+000  1.3952649e-001  2.2597800e-001  8.8429225e-001  1.6092529e+000  1.2209288e+000  3.6501401e+000  2.5309387e+000  2.3376175e+000  5.7299335e-001  8.3673701e-001  1.0351388e+000  1.3656445e+000  1.0403512e+000  2.1421763e+000  1.5765427e+000
  1.2474811e+000  2.6582023e+000  3.2252616e-001  3.1729267e+000  2.4556238e+000  1.3453272e+000  1.3404313e+000  2.8695528e-001  1.3414230e+000  2.2184311e+000  2.2077928e+000  2.7752283e+000  2.6353286e+000  2.8324994e+000  1.6011957e+000 -6.8002835e-001 -2.4841289e-001  1.2691723e+000  2.4034329e+000  1.2693719e+000
  1.3364248e+000  1.7112947e+000 -1.3963910e-001  2.3078873e+000  1.4932768e+000  1.3369806e-001  2.7011270e+000  8.9412994e-002  1.7286474e+000  2.1093551e+000  2.0809996e+000  3.3488260e+000  2.3898271e+000  1.1985925e+000  2.3742832e+000  1.4514814e+000 -7.1711819e-001  6.6640229e-001  8.2434901e-001  4.3848537e-001
  3.2603816e+000  1.5491329e+000  1.7979862e+000  2.1939747e+000  2.7390430e+000  1.4809576e+000  8.6549703e-001 -9.6466399e-002  1.9688709e+000  2.6701009e+000  1.0934705e+000  2.6852793e+000  2.0675021e+000  1.6724082e+000  5.9200625e-001 -8.7804840e-002  7.8566573e-001  4.2311434e-001  3.0864010e+000  1.4724744e+000
  2.0704489e+000  5.1423148e-001  4.1867848e-001  1.4824830e+000  1.5538836e+000  1.6076299e+000  1.9073662e+000  1.0304462e+000  7.6183611e-001  6.9713463e-001  1.0665862e+000  1.1430222e+000  8.4319055e-001  5.0206110e-001  7.9408202e-001  1.0012908e+000  1.5683658e+000  2.7540910e+000  3.2943090e+000  7.0092723e-001
  1.3598490e+000  1.7386720e+000  2.0424111e+000  2.4077913e+000  3.2649383e+000  5.1933132e-001 -5.4524632e-001  1.1772246e+000  9.0880302e-001  1.6909460e+000  2.2660490e+000  2.1558030e+000  3.2590727e+000  1.3959246e+000  7.9054037e-001 -1.2349325e-001 -5.7141248e-001  6.6346126e-001  1.1500448e+000  1.2679916e+000
  2.3782834e+000  2.4629915e+000  8.3863106e-001  2.5221792e+000  1.7014781e+000  9.9135485e-001  1.2997588e-001  5.9926634e-002  7.3648927e-001  2.4458418e+000  1.4624606e+000  3.3196348e+000  2.0363574e+000  2.3977736e+000  1.7818733e+000  8.2946478e-001  1.7479408e+000  1.1592489e+000  2.7117355e+000  2.1976852e+000
  7.7827922e-001  1.0057803e+000 -3.0488172e-001  1.3612979e+000 -9.0078580e-002  1.3856768e+000  1.2479351e+000  8.3636847e-001  2.9878232e+000  2.4027453e+000  3.5203075e+000  2.0618091e+000  2.5384214e+000  1.0767253e+000  1.9441772e+000  1.4035807e+000 -3.5201485e-001 -1.3057482e+000  1.7884941e+000  7.3258409e-001
  2.7398260e+000  1.5848842e+000  1.0427392e+000  3.6920873e+000  2.6655345e+000  2.4630704e+000  8.8588813e-001  1.2523515e+000  1.9400663e+000  9.9614392e-001  2.1040054e+000  2.6969290e+000  3.0732996e+000  1.0140870e+000  1.6938725e+000  9.2919438e-001  1.2468022e+000 -2.4671005e-001  1.0024059e+000  1.8593584e+000
  1.6713155e+000  1.2891377e+000  7.4388247e-001  2.2985185e+000  1.8572466e+000  1.7418588e+000  7.4279378e-001  1.8345684e-001  1.7057259e+000  3.4856320e+000  2.4779756e+000  2.3041639e+000  2.9326996e+000  1.4242793e+000  5.2692935e-001 -8.4237061e-002  3.7342402e-001  1.6744785e+000  2.0590414e+000 -3.8313092e-001
  8.4956810e-003 -5.2087649e-001  5.3241215e-001  1.7817944e+000  1.6293995e+000  2.6046117e+000  5.5694877e-001  8.7058959e-001  1.0319370e+000 -3.2067892e-001  2.9196822e-001  2.7443785e-001 -1.0292375e+000  1.2978696e+000  4.7595869e-001  1.1224417e+000  3.5270819e-001  1.1366334e+000  1.2348745e+000  2.9684352e+000
  2.4838866e+000  1.5036515e-001 -1.2023766e-001  1.8183087e+000  2.8701671e+000  9.1480473e-001 -1.8956066e-001  1.1279182e+000  9.6464799e-001  1.5349714e+000  1.4329205e+000  2.6356230e+000  1.1175502e+000  1.8690848e-001  8.0490290e-002  9.7989747e-001  3.3473460e-001  1.3638680e+000  2.7397797e+000  2.6062373e+000
  1.2876444e+000  1.2539489e+000 -4.0443899e-002  2.4042650e+000  2.1884321e+000  1.9908826e+000  3.0584584e-001  7.3155029e-001  2.1194491e+000  1.8878910e+000  1.4779827e+000  2.3151580e+000  3.3261936e+000  1.8292454e+000  5.3053165e-001  3.5040147e-001 -2.4303432e-001  7.0838883e-001  1.5464997e+000  3.6751361e-001
  1.3490728e+000  3.6229258e+000  8.8333239e-001  2.0943943e+000  3.3881216e+000  5.2170287e-001  8.4330630e-001  7.4181837e-001  7.2308363e-001  7.5150180e-001  2.7674165e+000  2.2029047e+000  6.8130513e-001  1.4273721e+000  1.6054443e+000  1.1240762e+000  1.2508847e-001  1.0700808e-001  1.3698309e+000 -4.5268994e-001
  1.2635388e+000  7.3969113e-001 -4.7096265e-001  1.7538818e+000  1.5207530e+000 -5.1898831e-002  7.3975956e-001  1.1056117e+000  1.1367650e+000  2.2461963e+000  1.6248920e+000  3.7574795e+000  5.2292531e-001  1.7523338e+000  1.6695925e+000  5.9392854e-001  1.2779817e+000  4.2665851e-001  2.8188259e+000  1.2507251e+000
  2.9668062e+000  1.5388979e+000  9.5839631e-001  2.0473131e+000  2.1967473e+000  1.1772225e+000  2.3026296e-001  9.0656973e-001  1.7867824e+000  3.3986121e+000  1.9748564e+000  1.3832626e+000  1.6680675e+000  1.5025450e+000  2.6348366e+000  1.3098824e+000 -9.6285422e-001 -4.8316664e-001  9.9940530e-001  1.4518246e+000
  1.9169680e+000  9.3817136e-001 -1.8935759e-001  1.2535775e+000  2.1585230e+000  4.1330747e-001  7.7439695e-001  1.2942327e+000  1.1700378e+000  1.4964509e+000  1.0086954e+000  1.4815040e+000  9.2802715e-001  5.1126659e-001  2.4195439e-001  1.1534748e+000  1.2293147e-001  1.2493528e+000  8.6949004e-001 -9.8817619e-001
  1.3315426e+000  1.6968203e+000  5.3259635e-001  1.2768864e+000  2.1390197e+000  1.4094291e+000  3.1982932e-001  8.7020991e-001  1.2653364e+000  2.8198447e+000  2.1730712e+000  2.0831433e+000  1.2868451e+000  1.2105290e+000  2.1603965e+000  2.5885527e-001  6.7089715e-001  1.3173528e+000  2.1567694e+000  5.0901566e-001
  1.2941806e+000  1.8642504e+000  1.1511311e+000  3.2302472e+000  3.0147800e+000  1.3011557e+000  4.9756878e-001 -9.1212796e-003  2.0838305e+000  2.6161103e+000  3.8403533e+000  1.4467309e+000  1.6092035e+000  1.4287914e+000  2.6854922e+000  7.8890430e-002 -4.6816123e-001  5.6114821e-001  2.3282150e+000  2.6381963e+000
  1.2721478e+000  8.3071578e-002  3.8695401e-001  2.2290942e+000  2.9044227e+000  2.0082196e+000  9.1257877e-001  1.2470194e+000  1.4283967e+000  2.8491713e+000  2.8452104e+000  3.4231154e+000  2.5809809e+000  1.5632700e+000  1.9307993e+000  8.7986548e-001  8.7109083e-001  4.6188880e-001  3.4829931e+000  8.7967542e-001
  2.5076073e+000  1.6754784e+000  1.0034234e+000  3.2838279e+000  2.9686007e+000  1.4658741e+000  4.1875766e-001  6.5352133e-001  2.5866547e+000  2.0939546e+000  1.6712141e+000  2.2303115e+000  1.5723377e+000  2.0371646e+000  1.0114723e+000  8.5974526e-001  3.7744186e-001 -1.1661840e-002  2.8710086e+000  1.8079692e+000
  1.4940212e-001  2.2331553e+000  1.3714495e+000  2.8435255e+000  7.8012183e-001  7.5161165e-001  9.3150082e-001 -3.2202245e-001  1.5509059e+000  1.3329091e+000  1.6285995e+000  1.5348887e+000  2.1015591e+000  4.6676060e-001  1.0487743e+000  7.3791461e-001  1.6883502e+000  9.5008814e-001  1.7560630e+000  1.0988036e+000
  6.7887527e-001 -6.8081364e-002  6.1321696e-001  3.3593151e-001  5.5545541e-001  2.7364960e+000  1.0407546e+000  3.3533274e-001  2.1278226e+000  2.2674483e+000  2.1631970e+000  2.1926174e+000  1.8836583e+000  2.2486188e+000  3.0847102e+000  8.5675729e-001  3.4180210e-001  2.6298796e+000  1.5642848e+000  1.4802521e+000
  1.8041316e+000  2.2793627e+000  1.2037014e+000  9.9928694e-001  1.2320645e+000 -3.3335632e-001 -2.4398534e-001  4.0539934e-001  7.0663497e-001  2.4940072e+000  3.0344605e+000  1.0127117e+000  2.1341652e+000  2.4135081e+000  6.8478179e-001  1.6641899e-001 -7.4169651e-002  9.6546164e-001  2.0413429e+000  8.8307054e-001
  7.1938554e-001  1.2125548e+000  2.1670919e-001  1.9605668e+000  2.3486477e+000  1.4082069e+000  1.2447973e+000  3.9071610e-001  6.3909114e-001  1.3394715e+000  4.1295386e-001  1.6972644e+000 -3.5595748e-001  1.0628839e+000  3.6526089e-002  1.1888725e+000  1.2204513e-001  1.4239750e-001  2.0597883e+000  1.3532114e+000
  5.5520384e-001  1.0155084e+000  7.1488273e-001  2.3482634e+000  2.1666732e+000  1.5245134e+000 -4.2804236e-001  5.8453461e-001  1.5594298e+000  2.5465304e+000  3.3906803e+000  1.7376545e+000  1.8190431e+000  2.4966022e+000  2.5224130e+000  1.7404580e+000  1.4040621e+000 -1.7229771e-001  2.0233850e+000  2.3417065e+000
  2.0006711e+000  1.0217252e+000  5.2411152e-001  3.6154426e+000  7.9850562e-001  2.7885996e-001  3.0761481e-001  1.4138073e+000  1.8898546e+000  2.1511045e+000  2.6733596e+000  2.5954420e+000  1.6379905e+000  1.5989002e+000  1.0641450e+000  1.4525035e+000  1.6971294e+000  3.1784882e-001  2.5286792e+000  2.9506367e+000
  8.3055542e-001  1.5817819e-001  7.2011467e-001  2.5924613e+000  9.8174830e-001  1.7470481e+000 -8.0886152e-002  1.1541604e-001 -4.1128792e-001  3.8453448e+000  3.0368708e+000  1.2233112e+000  3.0315417e+000  5.7099386e-001  1.3080708e+000 -5.0565536e-001 -2.6501418e-001  7.4975692e-001  2.3443047e+000  5.0251141e-001
  8.7347775e-001 -1.6013345e-001  1.1158516e+000  2.5824724e+000  3.1910811e+000  1.8007320e+000  2.3309371e-001  5.6021344e-001  4.8401075e-001  3.9658960e+000  2.1851808e+000  3.0051396e+000  2.6481940e+000  1.0697445e+000  6.2077303e-001  1.4613461e+000 -2.0587067e-001 -1.1199296e+000  1.6706987e+000  1.6093486e+000
  8.5159776e-001  1.4309349e+000  3.4419866e-001  1.1253957e+000  1.1786694e+000  3.1531109e+000 -2.6252532e-001  1.9318067e+000  1.6122249e+000  1.4805029e+000  1.0000864e+000  1.6196671e+000  2.1929443e-001  5.7714675e-001  1.8346587e+000  6.0841736e-001  5.2429644e-001  9.7852453e-002  2.1830636e+000  3.5088699e-001
 -6.4995336e-003  2.4024377e+000  1.1194671e+000  1.8202910e+000  3.0851634e+000  1.7326014e+000  1.3277504e+000  1.1190115e+000  1.9187024e+000  2.3189976e+000  2.7152049e+000  1.7893855e+000  3.0203404e+000  1.3857755e+000  1.5078947e+000  8.0604420e-001 -8.5229137e-001  2.9504549e-001  2.2477803e+000  2.5231775e+000
  8.6462020e-001  1.5151789e+000 -3.7389160e-002  2.6586203e+000  2.3443527e+000  2.3185795e+000  4.3426277e-001 -2.5323548e-001  8.3925476e-001  8.2643205e-001  1.4249684e+000  1.5034229e+000  7.4184503e-001  7.1849303e-001  8.2981897e-001 -6.1046538e-002  3.1929764e-001  7.6245090e-001  1.7578433e+000  7.6185504e-001
  1.5682087e+000  1.5120541e+000  3.1427287e-001  1.6223718e+000  1.2399579e+000  2.3862139e+000  1.0599889e+000  1.0112684e+000  2.7701393e+000  2.1204321e+000  2.6366009e+000  2.4424761e+000  3.3250926e+000  1.9492841e+000  8.7811896e-001  7.6942890e-001  1.9225079e-001  1.1361192e+000  5.5557747e-001  1.0704648e-001
  8.3740757e-001  8.2957327e-001 -1.2418972e+000 -8.4855685e-002  1.2897700e+000  1.7453639e+000  6.3383295e-001  1.2076167e+000  2.1416466e+000  9.3954852e-001  1.8846033e+000  1.9610224e+000  8.8131287e-001  1.6085531e+000  1.0623761e+000  1.7575301e+000  6.2802175e-001  2.6989817e-001  3.0925468e+000  2.1124475e+000
 -2.9470137e-002  1.2682725e+000  1.6283892e+000  1.2645734e+000  2.1078113e+000  8.6783503e-001  1.4399626e+000 -3.3814502e-001  2.1750211e+000  2.2535344e+000  4.1731379e-001  2.9675848e+000  2.3934138e+000  4.9692647e-001  1.6921540e+000  8.0629400e-001  1.3946103e+000 -5.3606153e-002  2.3282795e+000  1.1207594e+000
  2.6259475e+000  1.8926868e+000  1.3887757e-001  2.6143558e+000  1.6070018e+000  6.7015861e-001  1.7266565e-001  1.2046364e-001  2.1213453e+000  2.8168673e+000  3.8554025e+000  2.1235650e+000  2.1692398e+000  2.4547914e+000  1.7930770e+000  1.0588701e+000  9.5990694e-001  1.1248499e+000  9.6090382e-001  1.3731349e+000
  3.0851726e+000  6.9046871e-001  6.0377893e-001  2.4258492e+000  2.3367596e+000  5.2557646e-001  1.7461468e+000  1.8414205e+000  1.5149737e+000  1.4153845e+000  1.1449150e+000  8.2690386e-001  2.0698517e+000 -6.5705148e-001  1.6828628e+000  1.4242808e+000  8.2691715e-001  6.1384943e-001  1.7602562e+000  1.9572800e+000
  2.6400876e+000  1.3375641e+000  6.9553671e-001  3.9224103e+000  2.2609838e+000  1.6858217e+000  5.7178143e-001  8.7335320e-001 -1.8907110e-002  2.1179087e+000  1.6267811e+000  1.9864590e+000  1.2773264e+000  2.7143189e-001  1.6197943e+000  6.7697245e-001 -3.4967930e-002  1.9635675e+000  3.4603989e+000 -6.4403523e-002
  1.7165841e+000  1.4672874e+000  5.0945205e-001  3.1144773e+000  2.0046495e+000  9.6425581e-001 -1.9496826e-001  7.3804305e-001  2.6710229e+000  2.2074289e+000  1.1657984e+000  1.2666850e+000  1.1012534e+000  1.4906055e+000  1.0051803e+000  4.3573110e-001  3.4037767e-001  1.2168162e+000  2.8137896e+000  1.5065697e+000
  1.9313797e+000  2.0429303e+000  1.3292189e+000  3.4911746e+000  1.9590766e+000  1.2112166e+000  7.4915205e-001  1.7083612e+000  1.3957823e+000  1.9420602e+000  1.1191061e+000  1.4730038e+000  2.2116812e+000  2.2735135e+000  5.8002078e-001  5.5110378e-001  1.5815173e+000  1.3779175e+000  2.8272696e+000  2.3718691e+000
  2.0739739e+000  2.1678934e+000  7.0463797e-001  2.1979633e+000  2.9900555e+000  2.0249692e+000  8.5509952e-001 -2.8080396e-002  1.2545325e+000  1.4521919e+000  4.2404955e-001  7.9297172e-001  9.6165346e-001  1.5243879e+000  4.3710957e-001 -2.3044495e-001  8.2491466e-001  1.4239533e+000  2.5482759e+000  1.1233873e+000
 -1.1183098e-001  1.9644949e+000 -2.8252560e-001  1.1966929e+000  1.9873617e+000  4.9822683e-003  1.9692147e+000  1.0414263e+000  1.4079095e+000 -4.8977416e-002  1.7771196e+000  1.0154933e+000  1.2558813e+000  1.4085638e+000  2.5683249e+000  1.0535019e+000  5.3935471e-001  1.7407228e-001  1.1769705e+000  1.3559000e+000
 -1.0574432e+000  3.4479008e-001 -1.0397299e-001  1.9216918e+000  3.6576839e+000  7.7366150e-001  1.8845281e+000  8.1733000e-001  1.0226230e+000  3.2007803e+000  2.1959267e+000  1.8106785e+000  2.2079893e+000  1.6758001e+000  1.4672425e+000  4.7162838e-001  9.5997843e-001  9.0879010e-001  2.1231464e+000  9.9877341e-001
  3.1642280e-001  5.2326346e-001 -1.4903072e-003  1.6011928e+000  2.4578985e+000  2.6583597e+000 -2.6580956e-002  8.1705958e-001  4.1110434e-001  5.0316867e-001 -4.4164268e-001  1.8407802e+000 -6.4527241e-002  1.4486599e+000  9.6573176e-001 -5.3698324e-002  2.2490774e+000  7.6866698e-001  2.4219233e+000  3.0029552e+000
  4.7043222e-001  9.3814164e-001  2.2908075e-001  2.0847324e+000  1.2437840e+000  1.9709776e+000  7.2427167e-001  1.8791241e+000  1.4249129e+000  1.4962178e+000  2.7409537e+000  2.4298729e+000  2.5403690e+000  2.2100062e+000  1.9896742e+000  6.7696533e-001  1.7056397e-001  2.1874782e-001  2.3823099e+000  5.3180413e-001
  2.9916450e+000  9.7771854e-001  1.0523005e+000  1.8930129e+000  2.0368186e+000  2.2257604e+000  3.4858138e-001 -2.6567877e-001  9.8083260e-001  3.1616524e+000  2.2484204e+000  2.9670412e+000  1.0078404e+000  6.3845794e-001  2.4541959e+000  8.5421022e-001  1.2641653e+000  1.3561624e+000  1.9381949e+000  1.0390424e+000
