  6.9606040e+000  6.9391001e+000  5.6526330e+000  3.1420093e+000  1.6550905e+000 -1.6468412e+000  1.8092654e+000  7.8295347e+000  7.4437505e+000  1.0275196e+001
  3.7240750e+000  3.5986745e+000  1.9260153e+000  1.8727661e+000  4.8361548e-001  2.7975601e+000  1.0434766e+000  4.4253063e+000  3.4608324e+000  4.2513543e+000
  7.6000795e+000  8.2659248e+000  4.9899883e+000  1.5786037e+000  4.3813033e+000  2.1929682e+000  3.5811531e+000  3.9812404e+000  8.5972559e+000  6.8365614e-001
  8.7666564e+000  9.2741241e+000  2.7258519e+000  3.4954431e+000  1.1530437e+000 -8.4959001e-002  2.0419376e+000  3.5117514e+000  4.6803683e+000  5.2261260e+000
  8.2926697e+000  6.2290090e+000  7.0332208e+000 -9.5028488e-002  5.4156887e+000 -6.8733045e-001 -1.3714275e+000  3.9430051e+000  1.3172166e+000  3.4632424e+000
  4.2628028e+000  6.1440240e+000  6.7207816e+000  3.8553080e+000  5.5287152e+000  1.4969296e+000  1.2631406e+000  6.8481091e+000  4.4349048e+000  6.1444902e+000
  9.5323530e+000  5.6211914e+000  6.6082788e+000  2.4685989e-001  2.6063799e+000  4.4179464e+000  4.3108711e+000  8.3067917e+000  6.8689858e+000  5.3269715e+000
 -5.5330998e-001  3.5389766e+000  6.0621904e+000  5.1813088e+000  8.4799843e+000 -1.8659425e-001  2.0271549e+000  9.1262419e+000  1.0106828e+001  6.3271239e+000
  3.3188595e+000  1.8465121e+000  6.4713799e+000  1.9109813e+000  3.2499333e+000  1.7522076e+000 -1.1338755e-001  5.3010027e+000  1.1683715e+000  2.5073022e+000
  7.9994821e+000  5.9251182e+000  5.3854942e+000  2.3582974e+000  2.1994731e+000  1.2143479e+000  3.1697747e+000  5.6681833e+000  8.6581150e+000  8.7162489e+000
  6.3036320e+000  2.8400291e+000  4.3563475e+000 -7.9429007e-001  3.6511799e+000  7.3268555e-001  2.2304907e-001  3.2640222e+000  3.1613833e+000  4.0780816e+000
  4.6604628e+000  2.1128213e+000  2.6254425e+000  1.1732974e+000  6.7389652e-001  4.0523456e+000  2.6947991e+000  7.3730967e+000  7.0979196e+000  4.8366433e+000
  7.4212518e+000  8.8137391e+000  6.1445027e+000  6.5427058e+000  3.3455151e+000  1.7254203e+000  3.2158659e+000  3.6757824e+000  5.5641396e+000  4.8078312e+000
  7.7923982e+000  3.6044032e+000  4.9717954e+000  4.5300612e+000  2.7901190e+000  3.2758025e+000 -3.1283419e-001  3.2787203e+000  3.3968655e-001  2.7038668e+000
  8.4003426e-001  3.0345094e+000  5.4706319e+000 -1.1063072e+000  3.0225599e+000  3.4800021e+000  1.7711660e-001  5.3237142e+000  3.0548583e+000  4.7462295e+000
  3.9886984e+000  3.8211402e+000  7.3633907e+000  4.6133604e+000  2.9274190e+000  3.6091824e+000  1.7016532e+000  6.7906250e+000  3.8858842e+000  1.2541420e+000
  3.5430035e+000  7.9208184e+000  2.8893018e+000  6.2511834e+000  2.7887986e+000  6.1129461e+000  4.0592245e+000  4.0914128e+000  5.6301065e+000  4.4674887e+000
  3.7680049e+000  3.6846491e+000  4.1823011e+000  2.1174527e+000  4.4297331e+000 -3.9909521e-001  2.2817344e-001  2.2017324e+000  2.5581563e+000  7.0278521e+000
  7.0317568e+000  3.7270947e+000  5.5161491e+000  2.2779081e+000  2.4996937e+000  3.9927024e+000  1.3558936e+000  4.5929532e+000  7.0361781e+000  7.7256372e+000
  4.5647195e+000  6.7436531e+000  7.5107891e+000  6.1464145e+000  3.0488012e+000  2.7667333e+000  8.8253862e-001  2.7427268e+000  1.6411993e+000  5.1607642e+000
  5.9011345e+000  2.9813884e+000  2.7733490e+000  8.5601167e-001  2.1914511e+000  3.8922168e-001  2.7761882e+000  4.5887676e+000  5.4295706e+000  4.2387033e+000
 -2.2842924e-001  8.9898943e+000  4.2436266e+000  1.2218813e+000 -3.2024490e-001  3.0929776e+000  3.9463632e+000  4.3384279e+000  2.3883555e+000  5.4518364e+000
  3.4626925e+000  1.7333621e+000  2.3961878e+000  8.1329419e-001  2.5616132e+000 -1.0962239e+000  3.4480390e-001  4.5807274e+000  3.9474826e+000  4.6425651e+000
  4.6516123e+000  5.2349273e+000  5.7918625e+000  3.0875652e+000  6.8802318e+000  5.6192899e-002 -1.6239533e+000  9.8665139e-001  1.4419910e+000  2.1845829e+000
  8.3221909e+000  3.8192863e+000  6.3272347e+000 -6.7254789e-001  1.7563069e+000  4.2453101e+000  1.5145447e+000  5.6359264e-001  3.4587572e+000  6.0286663e-002
  3.5265271e+000  3.2323443e+000  5.3454094e+000  6.6622395e-001  1.2366512e+000  3.4885447e+000 -3.7794248e+000  9.1733503e-001  1.7216937e-001  5.0114943e+000
  8.5538172e+000  5.9497787e+000  4.7492364e+000  3.8398128e+000  2.2716206e-001  1.6778579e+000  6.4254055e-001  5.2002102e+000  6.2970135e+000  5.2264540e+000
  4.7033280e+000  9.0419424e+000  5.8776456e+000  3.7415877e+000  4.2060570e+000  3.4702132e+000  1.6240276e+000  4.5906282e+000  3.3571187e+000  3.8907908e+000
  4.6775968e+000  5.7718715e+000  5.6048662e+000  3.4929130e+000  2.0822765e+000  1.6990772e+000 -3.3320420e-001  7.9439874e+000  5.5280165e+000  8.6504915e+000
  3.8221698e+000  4.7298964e+000  6.0977763e+000  2.2882987e+000  3.0683791e+000  4.2531990e+000  2.5407254e-001  3.8724720e+000  4.6680575e+000  6.5983960e+000
  7.2210885e+000  4.2556784e+000  3.3428389e+000  4.9056796e+000  3.5107302e+000  5.8085837e-001 -2.2624520e+000  8.4922802e+000  8.2364608e+000  1.7474401e+000
  5.6280486e+000  6.3845344e+000  5.9337123e+000  9.0809088e-001  4.1103747e+000  1.9992161e+000  3.2391032e-001  4.7039215e+000  6.6347038e+000  9.4267366e+000
  9.9448454e+000  4.6010398e+000  4.5166197e+000 -4.9360703e-001 -3.0540080e-002  5.6421779e+000 -2.9158121e+000  3.8591482e+000  7.9323483e+000  3.0835840e+000
  1.0297735e+001  6.5696045e+000  7.4291541e+000  1.6282061e-001  3.8216285e+000  7.3475815e+000  2.9271942e+000  3.2127033e+000  2.2496142e+000  5.8425215e+000
  5.6343433e+000  1.0257511e+001  7.6467859e+000  1.3239217e-001  2.7564484e+000 -2.3857582e+000 -2.4135564e+000  5.4157652e+000 -2.4952929e-001  2.6840574e+000
  4.6207171e+000  5.5152011e+000  2.0560199e+000  4.4809498e+000  4.9919801e-001  2.0752552e+000 -1.4638514e-001  9.8045662e+000  5.8356321e+000  7.9391958e+000
  2.8360574e+000  3.2075690e+000  3.6653943e+000  3.6167322e+000  3.6478773e+000 -3.9420761e-001  1.9785055e+000  6.4467175e+000  3.6039214e+000  5.0368622e+000
  3.0752313e+000  5.1779638e+000  1.4967293e+000  4.2638690e+000 -1.5789390e+000  2.6743604e+000 -1.2294184e+000  3.7678288e+000  3.8839462e+000  5.8773784e+000
  4.3999635e+000  8.4840741e+000  8.0250109e+000  9.3561716e-002  9.3614837e-002  3.8668142e+000  1.0736211e+000  4.9833359e+000  3.3090194e+000  1.7171437e+000
  1.4220319e+000  4.4552373e+000  4.7759469e+000  1.8745104e+000  5.5214902e+000  3.3545551e-001  3.4359788e+000  4.6346946e+000  3.2130067e+000  5.4611994e+000
  5.5915958e+000  8.0359940e+000  2.6103142e+000  6.6909437e-002  8.9112228e-001  3.4286848e+000  1.6473471e+000  3.9841177e+000  6.2196391e+000  3.4314913e+000
  4.8427667e+000  4.5059465e+000  3.5077762e+000  5.1302059e+000  1.6071134e+000  1.4727413e+000  6.1611877e-001  5.6457353e+000  3.1471765e+000  5.6935588e+000
  2.7261425e+000  4.8266259e+000  5.6561338e+000  2.5809934e+000  3.4908825e-001  3.6593455e+000 -2.3940106e-001  7.7356706e+000  4.4454696e+000  1.0752691e+001
  2.2345144e+000  5.6830295e+000  4.2336873e+000  4.5836221e+000  1.7687119e+000  5.0447728e+000  1.6707440e+000  4.5847566e+000  5.7444986e+000  5.5767126e+000
  3.2701125e+000  4.6965462e+000  4.2187671e+000  1.2672956e+000  6.5025656e-001  2.0692061e+000 -4.4981034e-001  8.4758414e+000  6.5121868e+000  5.5515697e+000
  2.8519360e+000  7.5025445e+000  6.2277655e+000 -4.5499541e-001  6.3574068e+000  5.1873022e+000  5.3632895e+000  1.8051950e+000  1.0188495e+001  3.0321861e+000
  8.7308866e+000  8.1702153e+000  4.6880644e+000  4.0361543e+000 -2.1005521e-001  1.1742596e+000  6.8272176e-001  6.9840529e+000  7.2420463e+000  6.2820055e+000
  6.0883218e+000  4.4423398e+000  3.1636908e+000  4.5765119e+000  8.0142893e-001  3.1592819e-001  1.2958962e+000  6.6352405e+000  6.2083874e+000  5.0078295e+000
  4.9548027e+000  2.7537468e+000  3.7310237e+000  6.2808016e+000  4.8823487e+000 -1.1439520e+000  3.0714009e-001  2.8118008e+000  6.1812028e+000  4.1961722e+000
  5.5457551e+000  5.5628465e+000  4.4338465e+000  2.5784458e+000  2.5373287e+000  4.2380510e+000  7.2840384e+000  4.6729008e+000  3.8953065e+000  9.5752919e+000
  9.2026604e+000  5.7656852e+000  7.8063268e+000  3.1785251e+000  1.5813498e+000  1.9501311e+000  2.1406109e+000  6.4847483e+000 -1.1436174e-001  1.9224414e+000
 -2.2811304e+000  5.3636351e+000  3.7763774e+000  2.2732449e+000  7.4074219e-001 -3.9177572e+000  8.0315041e-001  9.2578040e-001  3.0078189e+000  1.0073733e+000
  2.7856315e+000  2.6474693e+000  5.9171255e+000  3.4716056e+000  8.9350987e-001  5.7185495e+000  8.2763917e-001  6.0619187e+000  7.1875483e-001  3.3457434e+000
  5.2293550e+000  5.2370448e+000  5.8810476e+000  4.2017453e+000  2.1006847e+000 -4.6466425e-001  1.6925022e+000  1.5243290e+000  4.1711686e+000  6.6940159e+000
  5.4861641e+000  6.8981931e+000  6.3065228e+000 -1.4470591e+000  1.6674810e+000 -6.7503518e-001 -5.4238244e-001  4.6963293e+000  1.6996456e+000  7.5101496e+000
  2.9491574e+000  5.5915811e+000  2.8800628e+000 -7.9600045e-001  3.2166157e+000  3.3850589e+000 -1.1248180e+000  7.2969908e+000  3.2525378e+000  8.7244111e+000
  5.9947707e+000  3.3633770e+000  3.8223420e+000  3.9816920e+000 -7.5300416e-001 -4.9180201e-001  6.5353766e+000  4.4684073e+000  3.3762325e+000  5.7397085e+000
  6.9363514e+000  9.7490370e+000  9.0491552e+000  8.1390670e-002  5.1941609e+000  3.1413441e+000 -2.4809896e+000  5.4134341e+000  4.4444258e+000  7.7335236e+000
  5.3476119e+000  1.0261937e+001  5.9725589e+000  7.7476103e-001  2.2842565e+000 -8.9082260e-001 -2.3233265e+000 -5.1839009e-001 -1.4456831e+000 -1.4648384e-001
  5.0403096e+000  4.5552228e+000  5.2199659e+000  1.1016343e+000  4.8119874e+000 -1.5644564e-002 -2.9228693e+000  4.8816667e+000  3.3233871e+000  6.2501221e+000
  6.6146585e+000  6.4056044e+000  7.9143974e+000  3.2551904e+000 -1.4795672e+000  2.0138493e+000  3.1025354e+000  4.2975335e+000  7.2874311e+000  6.7434461e+000
  1.6642623e+000 -1.3396811e+000  1.6737788e+000 -5.0839293e-001  3.4941779e+000 -2.7154313e+000  4.3261897e+000  8.2147273e+000  6.9234552e+000  7.9343999e+000
  7.5106991e+000  2.3345464e+000  7.9970733e+000  5.6469639e+000  5.4388901e+000 -1.5129479e-001  3.4689035e+000  5.9398701e+000  5.6870577e+000  3.5068759e+000
  2.8080358e+000  1.4113389e+000  7.1535791e+000  2.6529437e+000  1.8383583e+000  3.0668693e-001 -2.6474084e+000  3.9161894e+000  4.5994998e+000  5.7506438e+000
  3.1491391e+000  8.1443366e+000  3.8724045e+000  1.5887753e+000  4.9731703e+000 -8.0350937e-001 -1.0968997e-002 -6.2246713e-001 -1.1163278e+000  3.4853015e+000
  6.4432273e+000  6.0369379e+000  5.7232300e+000  4.9090477e+000  4.0567871e+000  2.2157903e+000 -3.5494657e-001  7.6582073e+000  1.0133054e+000  3.3619355e+000
  6.5209715e+000  3.4822398e+000  1.8805027e+000  3.3715670e+000  1.6103658e+000 -3.1822739e-001 -1.3808659e+000  8.0356548e+000  3.8580637e+000  4.2787904e+000
  4.9339140e+000  4.5649797e+000  2.8431896e+000 -2.8334067e-001  2.9412287e+000 -1.1380904e+000  3.5874055e+000  1.8284834e+000  1.8893554e+000  4.0289915e+000
  5.8033927e+000  1.6942833e+000  3.9437259e+000  5.2183771e+000  3.6881140e+000  4.1487448e+000 -3.6792992e+000  5.0803972e+000  5.3986469e+000  3.6128707e+000
  7.6233591e+000  1.6888529e+000  2.0662412e+000  1.4098642e+000 -5.0735926e-001  2.5322270e+000  3.3264443e+000  8.0921045e+000  3.2695884e+000  4.2176539e+000
  2.3937260e+000  2.1742847e+000  2.9401227e+000  2.7419818e+000 -1.6394823e+000  3.0080470e+000  6.7315960e-002  2.6672700e+000  2.5344210e-001  1.8788957e+000
  6.8582613e+000  6.2520536e+000 -2.3742741e-001  9.8249991e-001  9.0389035e-001  3.7011191e+000  2.0870475e+000  3.1431866e+000  6.0924118e+000  4.7902850e+000
  8.0961070e+000  6.3473986e+000  8.3842236e+000  7.9959208e+000  1.4667001e+000  4.0187210e+000  3.1392137e-001  1.1642195e+001  5.9714544e+000  5.4047859e+000
  4.9363847e+000  7.7721866e-001  8.2518295e+000  1.4651542e+000  4.5520226e+000  3.1648704e+000  1.2797937e+000  6.8382429e+000  8.6580843e+000  3.5629916e+000
  3.5810449e+000  4.5278454e+000  5.9190754e+000  7.3221549e+000  3.3462071e+000  5.3215369e+000 -4.6699210e-001 -6.9785431e-001  6.9913680e+000  9.2665876e+000
  7.7235669e+000  4.5818348e+000  4.5827623e+000 -6.3130337e-002  3.4899289e+000 -1.3789415e-001 -2.0469248e+000  4.3070468e+000  5.5227821e-001  4.2421294e+000
  3.1697157e+000  4.8260257e+000  4.5192624e+000 -8.8617443e-001  1.0293946e+000  3.5233629e+000 -3.5509485e+000  4.4418128e+000  7.4913211e+000  4.8905768e+000
  4.5006455e+000  2.9562184e+000  4.1810514e+000  3.6585592e+000  2.3696487e+000  9.1184636e-001  8.5432620e-001  4.4256477e+000  3.8910341e+000  3.4614167e+000
  1.2324642e+000  3.2427095e+000 -3.2091537e-001  5.1125838e-001  4.1697535e+000  2.0454781e+000 -5.7108585e-001  3.2004303e+000  5.4821029e+000  3.3972710e+000
  3.8591192e+000  8.2087386e+000  3.2476084e+000  3.5908512e+000  7.1347069e+000  1.4479588e+000  1.9669876e+000  8.7100163e+000  6.6006485e+000  6.7592229e+000
  2.9264146e+000  2.1049356e+000  5.4243025e+000  9.0413277e-001  8.7401818e-001 -1.5467812e+000  5.9340406e+000  9.6615499e+000  9.9149796e+000  6.1980286e+000
  3.7334365e+000  3.7863293e+000 -1.8702511e+000  1.2895956e+000  4.1015115e+000  4.5367541e+000  1.0177324e+000  4.0432597e+000  7.2133115e+000  3.6457906e+000
  4.6623986e+000  4.2952635e+000  6.2427714e+000  3.1268604e+000  5.5541497e-001  2.7645577e+000  4.4649348e-003  5.8700055e+000  6.3063223e+000  4.0985937e+000
  4.6159668e+000  1.8638328e-001  1.4495635e+000  2.4054538e+000 -2.4899268e-001  1.7916374e+000 -2.1058179e-001  1.6985502e+000 -1.3400611e-001  2.6102387e+000
  4.7410925e+000  6.3669932e+000  2.8360964e+000  3.0359612e+000  3.5244464e+000  2.1279084e+000  2.7075142e+000  8.0638160e+000  5.6096856e+000  6.1111011e+000
  1.5387739e+000  4.2063619e+000  6.6452248e+000  3.9009835e+000  9.3036439e+000  2.2758621e+000  1.8418923e+000  4.9361331e+000  1.6635098e+000  2.3549251e+000
  2.6077939e+000  2.6130787e+000  1.4699463e+000  2.6640836e+000  4.5026147e+000  1.4510447e+000  3.2544542e+000  7.6521184e+000  3.7197593e+000  5.8415401e+000
  6.8357854e+000  4.2807312e+000  3.7382659e+000  4.6271417e-001  4.2479929e+000  3.2829541e-001  1.8428537e+000  6.2615868e+000  1.8498557e+000  4.6758225e+000
  2.9604548e+000  9.5199548e+000  4.6254194e-001  1.4846848e+000  5.4160336e+000 -1.2026365e+000 -1.3790669e+000  2.5831418e+000  8.4255760e+000  1.4108358e+000
  4.5318468e+000  4.1823026e+000  7.9667802e+000  5.4858511e+000  2.6247778e+000  1.0817291e+000  2.9933637e+000  5.6429924e+000  7.9982786e+000  7.8024414e+000
  7.7816510e+000  6.0806153e+000  6.3319139e+000  8.6236578e-001 -2.7003152e-001  6.5473748e-001  5.1134897e-001  3.6557582e+000  3.9535728e+000  2.1919236e+000
  7.4976095e+000  3.6977220e+000  5.2923543e+000  1.6801287e+000  7.1083631e+000  3.4224027e+000 -5.4849091e-001  1.0564248e+000  2.1005221e+000  6.2775105e+000
  5.4768931e+000  5.2157543e+000  3.1354284e+000  1.0352084e+000  6.0104952e-001 -4.4986412e-001  2.5966351e+000  7.3108493e+000  2.9554022e+000  3.4193947e+000
  9.9762766e+000  6.9688042e+000  4.0532071e+000  7.6015478e-001  7.6044000e-001  1.7137261e+000 -1.1890225e+000  4.9682717e+000  2.7798989e+000  4.7197993e+000
  7.2801229e+000  6.4048474e+000  9.6915263e+000  2.7744817e+000  1.9618632e+000  1.2553369e+000  5.9676196e-001  3.0758322e-001  4.6915619e+000  7.8856396e-001
  5.6407766e+000  3.4182575e+000  4.7660747e+000  1.9537433e+000  2.6135304e+000  3.8277671e+000  8.8905179e-001  8.0155786e-001  4.1385633e+000  7.0254730e+000
  2.5930336e+000  5.9058873e+000  2.1849987e+000 -1.7820761e-001  2.6117565e+000  2.4586398e+000  1.7401438e+000  6.0162587e+000  6.3095367e+000  3.6706226e+000
  7.3248061e+000  8.4794954e+000  4.6829658e+000  2.1010496e+000  5.4869435e+000  3.3577293e+000  2.3455238e+000  1.4220715e+000  3.5236370e+000  4.5830729e+000
  2.1205958e+000  5.5022868e-002  3.7039308e+000  2.2795919e+000  3.2935702e-001  1.7524961e+000  3.5653921e+000  5.2333563e+000  5.7156463e+000  4.8132302e+000
  6.6632454e+000  3.8471492e+000  3.8134969e+000  2.4387949e+000  4.5789435e-002  2.5699033e+000  4.5874335e+000  4.5438911e+000  6.6165712e+000  4.5561998e+000
