8247877
8247878
8247879
8247880
8247881
8247882
8247883
8247884
8247885
8247886
8247887
8247888
8247889
8247890
8247891
8247892
8247893
8247894
8247895
8247896
8247897
8247898
8247899
8247900
8247901
8247902
8247903
8247904
8247905
8247906
8247907
8247908
8247909
8247910
8247911
8247912
8247913
8247914
8247915
8247916
8247917
8247918
8247919
8247920
8247921
8247922
8247923
8247924
8247925
8247926
8247927
8247928
8247929
8247930
8247931
8247932
8247933
8247934
8247935
8247936
8247937
8247938
8247939
8247940
8247941
8247942
8247943
8247944
8247945
8247946
8247947
8247948
8247949
8247950
8247951
8247952
8247953
8247954
8247955
8247956
8247957
8247958
8247959
8247960
8247961
8247962
8247963
8247964
8247965
8247966
8247967
8247968
8247969
8247970
8247971
8247972
8247973
8247974
8247975
8247976
8247977
8247978
8247979
8247980
8247981
8247982
8247983
8247984
8247985
8247986
8247987
8247988
8247989
8247990
8247991
8247992
8247993
8247994
8247995
8247996
8247997
8247998
8247999
8248000
8248001
8248002
8248003
8248004
8248005
8248006
8248007
8248008
8248009
8248010
8248011
8248012
8248013
8248014
8248015
8248016
8248017
8248018
8248019
8248020
8248021
8248022
8248023
8248024
8248025
8248026
8248027
8248028
8248029
8248030
8248031
8248032
8248033
8248034
8248035
8248036
8248037
8248038
8248039
8248040
8248041
8248042
8248043
8248044
8248045
8248046
8248047
8248048
8248049
8248050
8248051
8248052
8248053
8248054
8248055
8248056
8248057
8248058
8248059
8248060
8248061
8248062
8248063
8248064
8248065
8248066
8248067
8248068
8248069
8248070
8248071
8248072
8248073
8248074
8248075
8248076
8248077
8248078
8248079
8248080
8248081
8248082
8248083
8248084
8248085
8248086
8248087
8248088
8248089
8248090
8248091
8248092
8248093
8248094
8248095
8248096
8248097
8248098
8248099
8248100
8248101
8248102
8248103
8248104
8248105
8248106
8248107
8248108
8248109
8248110
8248111
8248112
8248113
8248114
8248115
8248116
8248117
8248118
8248119
8248120
8248121
8248122
8248123
8248124
8248125
8248126
8248127
8248128
8248129
8248130
8248131
8248132
8248133
8248134
8248135
8248136
8248137
8248138
8248139
8248140
8248141
8248142
8248143
8248144
8248145
8248146
8248147
8248148
8248149
8248150
8248151
8248152
8248153
8248154
8248155
8248156
8248157
8248158
8248159
8248160
8248161
8248162
8248163
8248164
8248165
8248166
8248167
8248168
8248169
8248170
8248171
8248172
8248173
8248174
8248175
8248176
8248177
8248178
8248179
8248180
8248181
8248182
8248183
8248184
8248185
8248186
8248187
8248188
8248189
8248190
8248191
8248192
8248193
8248194
8248195
8248196
8248197
8248198
8248199
8248200
8248201
8248202
8248203
8248204
8248205
8248206
8248207
8248208
8248209
8248210
8248211
8248212
8248213
8248214
8248215
8248216
8248217
8248218
8248219
8248220
8248221
8248222
8248223
8248224
8248225
8248226
8248227
8248228
8248229
8248230
8248231
8248232
8248233
8248234
8248235
8248236
8248237
8248238
8248239
8248240
8248241
8248242
8248243
8248244
8248245
8248246
8248247
8248248
8248249
8248250
8248251
8248252
8248253
8248254
8248255
8248256
8248257
8248258
8248259
8248260
8248261
8248262
8248263
8248264
8248265
8248266
8248267
8248268
8248269
8248270
8248271
8248272
8248273
8248274
8248275
8248276
8248277
8248278
8248279
8248280
8248281
8248282
8248283
8248284
8248285
8248286
8248287
8248288
8248289
8248290
8248291
8248292
8248293
8248294
8248295
8248296
8248297
8248298
8248299
8248300
8248301
8248302
8248303
8248304
8248305
8248306
8248307
8248308
8248309
8248310
8248311
8248312
8248313
8248314
8248315
8248316
8248317
8248318
8248319
8248320
8248321
8248322
8248323
8248324
8248325
8248326
8248327
8248328
8248329
8248330
8248331
8248332
8248333
8248334
8248335
8248336
8248337
8248338
8248339
8248340
8248341
8248342
8248343
8248344
8248345
8248346
8248347
8248348
8248349
8248350
8248351
8248352
8248353
8248354
8248355
8248356
8248357
8248358
8248359
8248360
8248361
8248362
8248363
8248364
8248365
8248366
8248367
8248368
8248369
8248370
8248371
8248372
8248373
8248374
8248375
8248376
8248377
8248378
8248379
8248380
8248381
8248382
8248383
8248384
8248385
8248386
8248387
8248388
8248389
8248390
8248391
8248392
8248393
8248394
8248395
8248396
8248397
8248398
8248399
8248400
8248401
8248402
8248403
8248404
8248405
8248406
8248407
8248408
8248409
8248410
8248411
8248412
8248413
8248414
8248415
8248416
8248417
8248418
8248419
8248420
8248421
8248422
8248423
8248424
8248425
8248426
8248427
8248428
8248429
8248430
8248431
8248432
8248433
8248434
8248435
8248436
8248437
8248438
8248439
8248440
8248441
8248442
8248443
8248444
8248445
8248446
8248447
8248448
8248449
8248450
8248451
8248452
8248453
8248454
8248455
8248456
8248457
8248458
8248459
8248460
8248461
8248462
8248463
8248464
8248465
8248466
8248467
8248468
8248469
8248470
8248471
8248472
8248473
8248474
8248475
8248476
8248477
8248478
8248479
8248480
8248481
8248482
8248483
8248484
8248485
8248486
8248487
8248488
8248489
8248490
8248491
8248492
8248493
8248494
8248495
8248496
8248497
8248498
8248499
8248500
8248501
8248502
8248503
8248504
8248505
8248506
8248507
8248508
8248509
8248510
8248511
8248512
8248513
8248514
8248515
8248516
8248517
8248518
8248519
8248520
8248521
8248522
8248523
8248524
8248525
8248526
8248527
8248528
8248529
8248530
8248531
8248532
8248533
8248534
8248535
8248536
8248537
8248538
8248539
8248540
8248541
8248542
8248543
8248544
8248545
8248546
8248547
8248548
8248549
8248550
8248551
8248552
8248553
8248554
8248555
8248556
8248557
8248558
8248559
8248560
8248561
8248562
8248563
8248564
8248565
8248566
8248567
8248568
8248569
8248570
8248571
8248572
8248573
8248574
8248575
8248576
8248577
8248578
8248579
8248580
8248581
8248582
8248583
8248584
8248585
8248586
8248587
8248588
8248589
8248590
8248591
8248592
8248593
8248594
8248595
8248596
8248597
8248598
8248599
8248600
8248601
8248602
8248603
8248604
8248605
8248606
8248607
8248608
8248609
8248610
8248611
8248612
8248613
8248614
8248615
8248616
8248617
8248618
8248619
8248620
8248621
8248622
8248623
8248624
8248625
8248626
8248627
8248628
8248629
8248630
8248631
8248632
8248633
8248634
8248635
8248636
8248637
8248638
8248639
8248640
8248641
8248642
8248643
8248644
8248645
8248646
8248647
8248648
8248649
8248650
8248651
8248652
8248653
8248654
8248655
8248656
8248657
8248658
8248659
8248660
8248661
8248662
8248663
8248664
8248665
8248666
8248667
8248668
8248669
8248670
8248671
8248672
8248673
8248674
8248675
8248676
8248677
8248678
8248679
8248680
8248681
8248682
8248683
8248684
8248685
8248686
8248687
8248688
8248689
8248690
8248691
8248692
8248693
8248694
8248695
8248696
8248697
8248698
8248699
8248700
8248701
8248702
8248703
8248704
8248705
8248706
8248707
8248708
8248709
8248710
8248711
8248712
8248713
8248714
8248715
8248716
8248717
8248718
8248719
8248720
8248721
8248722
8248723
8248724
8248725
8248726
8248727
8248728
8248729
8248730
8248731
8248732
8248733
8248734
8248735
8248736
8248737
8248738
8248739
8248740
8248741
8248742
8248743
8248744
8248745
8248746
8248747
8248748
8248749
8248750
8248751
8248752
8248753
8248754
8248755
8248756
8248757
8248758
8248759
8248760
8248761
8248762
8248763
8248764
8248765
8248766
8248767
8248768
8248769
8248770
8248771
8248772
8248773
8248774
8248775
8248776
8248777
8248778
8248779
8248780
8248781
8248782
8248783
8248784
8248785
8248786
8248787
8248788
8248789
8248790
8248791
8248792
8248793
8248794
8248795
8248796
8248797
8248798
8248799
8248800
8248801
8248802
8248803
8248804
8248805
8248806
8248807
8248808
8248809
8248810
8248811
8248812
8248813
8248814
8248815
8248816
8248817
8248818
8248819
8248820
8248821
8248822
8248823
8248824
8248825
8248826
8248827
8248828
8248829
8248830
8248831
8248832
8248833
8248834
8248835
8248836
8248837
8248838
8248839
8248840
8248841
8248842
8248843
8248844
8248845
8248846
8248847
8248848
8248849
8248850
8248851
8248852
8248853
8248854
8248855
8248856
8248857
8248858
8248859
8248860
8248861
8248862
8248863
8248864
8248865
8248866
8248867
8248868
8248869
8248870
8248871
8248872
8248873
8248874
8248875
8248876
8248877
8248878
8248879
8248880
8248881
8248882
8248883
8248884
8248885
8248886
8248887
8248888
8248889
8248890
8248891
8248892
8248893
8248894
8248895
8248896
8248897
8248898
8248899
8248900
8248901
8248902
8248903
8248904
8248905
8248906
8248907
8248908
8248909
8248910
8248911
8248912
8248913
8248914
8248915
8248916
8248917
8248918
8248919
8248920
8248921
8248922
8248923
8248924
8248925
8248926
8248927
8248928
8248929
8248930
8248931
8248932
8248933
8248934
8248935
8248936
8248937
8248938
8248939
8248940
8248941
8248942
8248943
8248944
8248945
8248946
8248947
8248948
8248949
8248950
8248951
8248952
8248953
8248954
8248955
8248956
8248957
8248958
8248959
8248960
8248961
8248962
8248963
8248964
8248965
8248966
8248967
8248968
8248969
8248970
8248971
8248972
8248973
8248974
8248975
8248976
8248977
8248978
8248979
8248980
8248981
8248982
8248983
8248984
8248985
8248986
8248987
8248988
8248989
8248990
8248991
8248992
8248993
8248994
8248995
8248996
8248997
8248998
8248999
8249000
8249001
8249002
8249003
8249004
8249005
8249006
8249007
8249008
8249009
8249010
8249011
8249012
8249013
8249014
8249015
8249016
8249017
8249018
8249019
8249020
8249021
8249022
8249023
8249024
8249025
8249026
8249027
8249028
8249029
8249030
8249031
8249032
8249033
8249034
8249035
8249036
8249037
8249038
8249039
8249040
8249041
8249042
8249043
8249044
8249045
8249046
8249047
8249048
8249049
8249050
8249051
8249052
8249053
8249054
8249055
8249056
8249057
8249058
8249059
8249060
8249061
8249062
8249063
8249064
8249065
8249066
8249067
8249068
8249069
8249070
8249071
8249072
8249073
8249074
8249075
8249076
8249077
8249078
8249079
8249080
8249081
8249082
8249083
8249084
8249085
8249086
8249087
8249088
8249089
8249090
8249091
8249092
8249093
8249094
8249095
8249096
8249097
8249098
8249099
8249100
8249101
8249102
8249103
8249104
8249105
8249106
8249107
8249108
8249109
8249110
8249111
8249112
8249113
8249114
8249115
8249116
8249117
8249118
8249119
8249120
8249121
8249122
8249123
8249124
8249125
8249126
8249127
8249128
8249129
8249130
8249131
8249132
8249133
8249134
8249135
8249136
8249137
8249138
8249139
8249140
8249141
8249142
8249143
8249144
8249145
8249146
8249147
8249148
8249149
8249150
8249151
8249152
8249153
8249154
8249155
8249156
8249157
8249158
8249159
8249160
8249161
8249162
8249163
8249164
8249165
8249166
8249167
8249168
8249169
8249170
8249171
8249172
8249173
8249174
8249175
8249176
8249177
8249178
8249179
8249180
8249181
8249182
8249183
8249184
8249185
8249186
8249187
8249188
8249189
8249190
8249191
8249192
8249193
8249194
8249195
8249196
8249197
8249198
8249199
8249200
8249201
8249202
8249203
8249204
8249205
8249206
8249207
8249208
8249209
8249210
8249211
8249212
8249213
8249214
8249215
8249216
8249217
8249218
8249219
8249220
8249221
8249222
8249223
8249224
8249225
8249226
8249227
8249228
8249229
8249230
8249231
8249232
8249233
8249234
8249235
8249236
8249237
8249238
8249239
8249240
8249241
8249242
8249243
8249244
8249245
8249246
8249247
8249248
8249249
8249250
8249251
8249252
8249253
8249254
8249255
8249256
8249257
8249258
8249259
8249260
8249261
8249262
8249263
8249264
8249265
8249266
8249267
8249268
8249269
8249270
8249271
8249272
8249273
8249274
8249275
8249276
8249277
8249278
8249279
8249280
8249281
8249282
8249283
8249284
8249285
8249286
8249287
8249288
8249289
8249290
8249291
8249292
8249293
8249294
8249295
8249296
8249297
8249298
8249299
8249300
8249301
8249302
8249303
8249304
8249305
8249306
8249307
8249308
8249309
8249310
8249311
8249312
8249313
8249314
8249315
8249316
8249317
8249318
8249319
8249320
8249321
8249322
8249323
8249324
8249325
8249326
8249327
8249328
8249329
8249330
8249331
8249332
8249333
8249334
8249335
8249336
8249337
8249338
8249339
8249340
8249341
8249342
8249343
8249344
8249345
8249346
8249347
8249348
8249349
8249350
8249351
8249352
8249353
8249354
8249355
8249356
8249357
8249358
8249359
8249360
8249361
8249362
8249363
8249364
8249365
8249366
8249367
8249368
8249369
8249370
8249371
8249372
8249373
8249374
8249375
8249376
8249377
8249378
8249379
8249380
8249381
8249382
8249383
8249384
8249385
8249386
8249387
8249388
8249389
8249390
8249391
8249392
8249393
8249394
8249395
8249396
8249397
8249398
8249399
8249400
8249401
8249402
8249403
8249404
8249405
8249406
8249407
8249408
8249409
8249410
8249411
8249412
8249413
8249414
8249415
8249416
8249417
8249418
8249419
8249420
8249421
8249422
8249423
8249424
8249425
8249426
8249427
8249428
8249429
8249430
8249431
8249432
8249433
8249434
8249435
8249436
8249437
8249438
8249439
8249440
8249441
8249442
8249443
8249444
8249445
8249446
8249447
8249448
8249449
8249450
8249451
8249452
8249453
8249454
8249455
8249456
8249457
8249458
8249459
8249460
8249461
8249462
8249463
8249464
8249465
8249466
8249467
8249468
8249469
8249470
8249471
8249472
8249473
8249474
8249475
8249476
8249477
8249478
8249479
8249480
8249481
8249482
8249483
8249484
8249485
8249486
8249487
8249488
8249489
8249490
8249491
8249492
8249493
8249494
8249495
8249496
8249497
8249498
8249499
8249500
8249501
8249502
8249503
8249504
8249505
8249506
8249507
8249508
8249509
8249510
8249511
8249512
8249513
8249514
8249515
8249516
8249517
8249518
8249519
8249520
8249521
8249522
8249523
8249524
8249525
8249526
8249527
8249528
8249529
8249530
8249531
8249532
8249533
8249534
8249535
8249536
8249537
8249538
8249539
8249540
8249541
8249542
8249543
8249544
8249545
8249546
8249547
8249548
8249549
8249550
8249551
8249552
8249553
8249554
8249555
8249556
8249557
8249558
8249559
8249560
8249561
8249562
8249563
8249564
8249565
8249566
8249567
8249568
8249569
8249570
8249571
8249572
8249573
8249574
8249575
8249576
8249577
8249578
8249579
8249580
8249581
8249582
8249583
8249584
8249585
8249586
8249587
8249588
8249589
8249590
8249591
8249592
8249593
8249594
8249595
8249596
8249597
8249598
8249599
8249600
8249601
8249602
8249603
8249604
8249605
8249606
8249607
8249608
8249609
8249610
8249611
8249612
8249613
8249614
8249615
8249616
8249617
8249618
8249619
8249620
8249621
8249622
8249623
8249624
8249625
8249626
8249627
8249628
8249629
8249630
8249631
8249632
8249633
8249634
8249635
8249636
8249637
8249638
8249639
8249640
8249641
8249642
8249643
8249644
8249645
8249646
8249647
8249648
8249649
8249650
8249651
8249652
8249653
8249654
8249655
8249656
8249657
8249658
8249659
8249660
8249661
8249662
8249663
8249664
8249665
8249666
8249667
8249668
8249669
8249670
8249671
8249672
8249673
8249674
8249675
8249676
8249677
8249678
8249679
8249680
8249681
8249682
8249683
8249684
8249685
8249686
8249687
8249688
8249689
8249690
8249691
8249692
8249693
8249694
8249695
8249696
8249697
8249698
8249699
8249700
8249701
8249702
8249703
8249704
8249705
8249706
8249707
8249708
8249709
8249710
8249711
8249712
8249713
8249714
8249715
8249716
8249717
8249718
8249719
8249720
8249721
8249722
8249723
8249724
8249725
8249726
8249727
8249728
8249729
8249730
8249731
8249732
8249733
8249734
8249735
8249736
8249737
8249738
8249739
8249740
8249741
8249742
8249743
8249744
8249745
8249746
8249747
8249748
8249749
8249750
8249751
8249752
8249753
8249754
8249755
8249756
8249757
8249758
8249759
8249760
8249761
8249762
8249763
8249764
8249765
8249766
8249767
8249768
8249769
8249770
8249771
8249772
8249773
8249774
8249775
8249776
8249777
8249778
8249779
8249780
8249781
8249782
8249783
8249784
8249785
8249786
8249787
8249788
8249789
8249790
8249791
8249792
8249793
8249794
8249795
8249796
8249797
8249798
8249799
8249800
8249801
8249802
8249803
8249804
8249805
8249806
8249807
8249808
8249809
8249810
8249811
8249812
8249813
8249814
8249815
8249816
8249817
8249818
8249819
8249820
8249821
8249822
8249823
8249824
8249825
8249826
8249827
8249828
8249829
8249830
8249831
8249832
8249833
8249834
8249835
8249836
8249837
8249838
8249839
8249840
8249841
8249842
8249843
8249844
8249845
8249846
8249847
8249848
8249849
8249850
8249851
8249852
8249853
8249854
8249855
8249856
8249857
8249858
8249859
8249860
8249861
8249862
8249863
8249864
8249865
8249866
8249867
8249868
8249869
8249870
8249871
8249872
8249873
8249874
8249875
8249876
8249877
8249878
8249879
8249880
8249881
8249882
8249883
8249884
8249885
8249886
8249887
8249888
8249889
8249890
8249891
8249892
8249893
8249894
8249895
8249896
8249897
8249898
8249899
8249900
8249901
8249902
8249903
8249904
8249905
8249906
8249907
8249908
8249909
8249910
8249911
8249912
8249913
8249914
8249915
8249916
8249917
8249918
8249919
8249920
8249921
8249922
8249923
8249924
8249925
8249926
8249927
8249928
8249929
8249930
8249931
8249932
8249933
8249934
8249935
8249936
8249937
8249938
8249939
8249940
8249941
8249942
8249943
8249944
8249945
8249946
8249947
8249948
8249949
8249950
8249951
8249952
8249953
8249954
8249955
8249956
8249957
8249958
8249959
8249960
8249961
8249962
8249963
8249964
8249965
8249966
8249967
8249968
8249969
8249970
8249971
8249972
8249973
8249974
8249975
8249976
8249977
8249978
8249979
8249980
8249981
8249982
8249983
8249984
8249985
8249986
8249987
8249988
8249989
8249990
8249991
8249992
8249993
8249994
8249995
8249996
8249997
8249998
8249999
8250000
8250001
8250002
8250003
8250004
8250005
8250006
8250007
8250008
8250009
8250010
8250011
8250012
8250013
8250014
8250015
8250016
8250017
8250018
8250019
8250020
8250021
8250022
8250023
8250024
8250025
8250026
8250027
8250028
8250029
8250030
8250031
8250032
8250033
8250034
8250035
8250036
8250037
8250038
8250039
8250040
8250041
8250042
8250043
8250044
8250045
8250046
8250047
8250048
8250049
8250050
8250051
8250052
8250053
8250054
8250055
8250056
8250057
8250058
8250059
8250060
8250061
8250062
8250063
8250064
8250065
8250066
8250067
8250068
8250069
8250070
8250071
8250072
8250073
8250074
8250075
8250076
8250077
8250078
8250079
8250080
8250081
8250082
8250083
8250084
8250085
8250086
8250087
8250088
8250089
8250090
8250091
8250092
8250093
8250094
8250095
8250096
8250097
8250098
8250099
8250100
8250101
8250102
8250103
8250104
8250105
8250106
8250107
8250108
8250109
8250110
8250111
8250112
8250113
8250114
8250115
8250116
8250117
8250118
8250119
8250120
8250121
8250122
8250123
8250124
8250125
8250126
8250127
8250128
8250129
8250130
8250131
8250132
8250133
8250134
8250135
8250136
8250137
8250138
8250139
8250140
8250141
8250142
8250143
8250144
8250145
8250146
8250147
8250148
8250149
8250150
8250151
8250152
8250153
8250154
8250155
8250156
8250157
8250158
8250159
8250160
8250161
8250162
8250163
8250164
8250165
8250166
8250167
8250168
8250169
8250170
8250171
8250172
8250173
8250174
8250175
8250176
8250177
8250178
8250179
8250180
8250181
8250182
8250183
8250184
8250185
8250186
8250187
8250188
8250189
8250190
8250191
8250192
8250193
8250194
8250195
8250196
8250197
8250198
8250199
8250200
8250201
8250202
8250203
8250204
8250205
8250206
8250207
8250208
8250209
8250210
8250211
8250212
8250213
8250214
8250215
8250216
8250217
8250218
8250219
8250220
8250221
8250222
8250223
8250224
8250225
8250226
8250227
8250228
8250229
8250230
8250231
8250232
8250233
8250234
8250235
8250236
8250237
8250238
8250239
8250240
8250241
8250242
8250243
8250244
8250245
8250246
8250247
8250248
8250249
8250250
8250251
8250252
8250253
8250254
8250255
8250256
8250257
8250258
8250259
8250260
8250261
8250262
8250263
8250264
8250265
8250266
8250267
8250268
8250269
8250270
8250271
8250272
8250273
8250274
8250275
8250276
8250277
8250278
8250279
8250280
8250281
8250282
8250283
8250284
8250285
8250286
8250287
8250288
8250289
8250290
8250291
8250292
8250293
8250294
8250295
8250296
8250297
8250298
8250299
8250300
8250301
8250302
8250303
8250304
8250305
8250306
8250307
8250308
8250309
8250310
8250311
8250312
8250313
8250314
8250315
8250316
8250317
8250318
8250319
8250320
8250321
8250322
8250323
8250324
8250325
8250326
8250327
8250328
8250329
8250330
8250331
8250332
8250333
8250334
8250335
8250336
8250337
8250338
8250339
8250340
8250341
8250342
8250343
8250344
8250345
8250346
8250347
8250348
8250349
8250350
8250351
8250352
8250353
8250354
8250355
8250356
8250357
8250358
8250359
8250360
8250361
8250362
8250363
8250364
8250365
8250366
8250367
8250368
8250369
8250370
8250371
8250372
8250373
8250374
8250375
8250376
8250377
8250378
8250379
8250380
8250381
8250382
8250383
8250384
8250385
8250386
8250387
8250388
8250389
8250390
8250391
8250392
8250393
8250394
8250395
8250396
8250397
8250398
8250399
8250400
8250401
8250402
8250403
8250404
8250405
8250406
8250407
8250408
8250409
8250410
8250411
8250412
8250413
8250414
8250415
8250416
8250417
8250418
8250419
8250420
8250421
8250422
8250423
8250424
8250425
8250426
8250427
8250428
8250429
8250430
8250431
8250432
8250433
8250434
8250435
8250436
8250437
8250438
8250439
8250440
8250441
8250442
8250443
8250444
8250445
8250446
8250447
8250448
8250449
8250450
8250451
8250452
8250453
8250454
8250455
8250456
8250457
8250458
8250459
8250460
8250461
8250462
8250463
8250464
8250465
8250466
8250467
8250468
8250469
8250470
8250471
8250472
8250473
8250474
8250475
8250476
8250477
8250478
8250479
8250480
8250481
8250482
8250483
8250484
8250485
8250486
8250487
8250488
8250489
8250490
8250491
8250492
8250493
8250494
8250495
8250496
8250497
8250498
8250499
8250500
8250501
8250502
8250503
8250504
8250505
8250506
8250507
8250508
8250509
8250510
8250511
8250512
8250513
8250514
8250515
8250516
8250517
8250518
8250519
8250520
8250521
8250522
8250523
8250524
8250525
8250526
8250527
8250528
8250529
8250530
8250531
8250532
8250533
8250534
8250535
8250536
8250537
8250538
8250539
8250540
8250541
8250542
8250543
8250544
8250545
8250546
8250547
8250548
8250549
8250550
8250551
8250552
8250553
8250554
8250555
8250556
8250557
8250558
8250559
8250560
8250561
8250562
8250563
8250564
8250565
8250566
8250567
8250568
8250569
8250570
8250571
8250572
8250573
8250574
8250575
8250576
8250577
8250578
8250579
8250580
8250581
8250582
8250583
8250584
8250585
8250586
8250587
8250588
8250589
8250590
8250591
8250592
8250593
8250594
8250595
8250596
8250597
8250598
8250599
8250600
8250601
8250602
8250603
8250604
8250605
8250606
8250607
8250608
8250609
8250610
8250611
8250612
8250613
8250614
8250615
8250616
8250617
8250618
8250619
8250620
8250621
8250622
8250623
8250624
8250625
8250626
8250627
8250628
8250629
8250630
8250631
8250632
8250633
8250634
8250635
8250636
8250637
8250638
8250639
8250640
8250641
8250642
8250643
8250644
8250645
8250646
8250647
8250648
8250649
8250650
8250651
8250652
8250653
8250654
8250655
8250656
8250657
8250658
8250659
8250660
8250661
8250662
8250663
8250664
8250665
8250666
8250667
8250668
8250669
8250670
8250671
8250672
8250673
8250674
8250675
8250676
8250677
8250678
8250679
8250680
8250681
8250682
8250683
8250684
8250685
8250686
8250687
8250688
8250689
8250690
8250691
8250692
8250693
8250694
8250695
8250696
8250697
8250698
8250699
8250700
8250701
8250702
8250703
8250704
8250705
8250706
8250707
8250708
8250709
8250710
8250711
8250712
8250713
8250714
8250715
8250716
8250717
8250718
8250719
8250720
8250721
8250722
8250723
8250724
8250725
8250726
8250727
8250728
8250729
8250730
8250731
8250732
8250733
8250734
8250735
8250736
8250737
8250738
8250739
8250740
8250741
8250742
8250743
8250744
8250745
8250746
8250747
8250748
8250749
8250750
8250751
8250752
8250753
8250754
8250755
8250756
8250757
8250758
8250759
8250760
8250761
8250762
8250763
8250764
8250765
8250766
8250767
8250768
8250769
8250770
8250771
8250772
8250773
8250774
8250775
8250776
8250777
8250778
8250779
8250780
8250781
8250782
8250783
8250784
8250785
8250786
8250787
8250788
8250789
8250790
8250791
8250792
8250793
8250794
8250795
8250796
8250797
8250798
8250799
8250800
8250801
8250802
8250803
8250804
8250805
8250806
8250807
8250808
8250809
8250810
8250811
8250812
8250813
8250814
8250815
8250816
8250817
8250818
8250819
8250820
8250821
8250822
8250823
8250824
8250825
8250826
8250827
8250828
8250829
8250830
8250831
8250832
8250833
8250834
8250835
8250836
8250837
8250838
8250839
8250840
8250841
8250842
8250843
8250844
8250845
8250846
8250847
8250848
8250849
8250850
8250851
8250852
8250853
8250854
8250855
8250856
8250857
8250858
8250859
8250860
8250861
8250862
8250863
8250864
8250865
8250866
8250867
8250868
8250869
8250870
8250871
8250872
8250873
8250874
8250875
8250876
8250877
8250878
8250879
8250880
8250881
8250882
8250883
8250884
8250885
8250886
8250887
8250888
8250889
8250890
8250891
8250892
8250893
8250894
8250895
8250896
8250897
8250898
8250899
8250900
8250901
8250902
8250903
8250904
8250905
8250906
8250907
8250908
8250909
8250910
8250911
8250912
8250913
8250914
8250915
8250916
8250917
8250918
8250919
8250920
8250921
8250922
8250923
8250924
8250925
8250926
8250927
8250928
8250929
8250930
8250931
8250932
8250933
8250934
8250935
8250936
8250937
8250938
8250939
8250940
8250941
8250942
8250943
8250944
8250945
8250946
8250947
8250948
8250949
8250950
8250951
8250952
8250953
8250954
8250955
8250956
8250957
8250958
8250959
8250960
8250961
8250962
8250963
8250964
8250965
8250966
8250967
8250968
8250969
8250970
8250971
8250972
8250973
8250974
8250975
8250976
8250977
8250978
8250979
8250980
8250981
8250982
8250983
8250984
8250985
8250986
8250987
8250988
8250989
8250990
8250991
8250992
8250993
8250994
8250995
8250996
8250997
8250998
8250999
8251000
8251001
8251002
8251003
8251004
8251005
8251006
8251007
8251008
8251009
8251010
8251011
8251012
8251013
8251014
8251015
8251016
8251017
8251018
8251019
8251020
8251021
8251022
8251023
8251024
8251025
8251026
8251027
8251028
8251029
8251030
8251031
8251032
8251033
8251034
8251035
8251036
8251037
8251038
8251039
8251040
8251041
8251042
8251043
8251044
8251045
8251046
8251047
8251048
8251049
8251050
8251051
8251052
8251053
8251054
8251055
8251056
8251057
8251058
8251059
8251060
8251061
8251062
8251063
8251064
8251065
8251066
8251067
8251068
8251069
8251070
8251071
8251072
8251073
8251074
8251075
8251076
8251077
8251078
8251079
8251080
8251081
8251082
8251083
8251084
8251085
8251086
8251087
8251088
8251089
8251090
8251091
8251092
8251093
8251094
8251095
8251096
8251097
8251098
8251099
8251100
8251101
8251102
8251103
8251104
8251105
8251106
8251107
8251108
8251109
8251110
8251111
8251112
8251113
8251114
8251115
8251116
8251117
8251118
8251119
8251120
8251121
8251122
8251123
8251124
8251125
8251126
8251127
8251128
8251129
8251130
8251131
8251132
8251133
8251134
8251135
8251136
8251137
8251138
8251139
8251140
8251141
8251142
8251143
8251144
8251145
8251146
8251147
8251148
8251149
8251150
8251151
8251152
8251153
8251154
8251155
8251156
8251157
8251158
8251159
8251160
8251161
8251162
8251163
8251164
8251165
8251166
8251167
8251168
8251169
8251170
8251171
8251172
8251173
8251174
8251175
8251176
8251177
8251178
8251179
8251180
8251181
8251182
8251183
8251184
8251185
8251186
8251187
8251188
8251189
8251190
8251191
8251192
8251193
8251194
8251195
8251196
8251197
8251198
8251199
8251200
8251201
8251202
8251203
8251204
8251205
8251206
8251207
8251208
8251209
8251210
8251211
8251212
8251213
8251214
8251215
8251216
8251217
8251218
8251219
8251220
8251221
8251222
8251223
8251224
8251225
8251226
8251227
8251228
8251229
8251230
8251231
8251232
8251233
8251234
8251235
8251236
8251237
8251238
8251239
8251240
8251241
8251242
8251243
8251244
8251245
8251246
8251247
8251248
8251249
8251250
8251251
8251252
8251253
8251254
8251255
8251256
8251257
8251258
8251259
8251260
8251261
8251262
8251263
8251264
8251265
8251266
8251267
8251268
8251269
8251270
8251271
8251272
8251273
8251274
8251275
8251276
8251277
8251278
8251279
8251280
8251281
8251282
8251283
8251284
8251285
8251286
8251287
8251288
8251289
8251290
8251291
8251292
8251293
8251294
8251295
8251296
8251297
8251298
8251299
8251300
8251301
8251302
8251303
8251304
8251305
8251306
8251307
8251308
8251309
8251310
8251311
8251312
8251313
8251314
8251315
8251316
8251317
8251318
8251319
8251320
8251321
8251322
8251323
8251324
8251325
8251326
8251327
8251328
8251329
8251330
8251331
8251332
8251333
8251334
8251335
8251336
8251337
8251338
8251339
8251340
8251341
8251342
8251343
8251344
8251345
8251346
8251347
8251348
8251349
8251350
8251351
8251352
8251353
8251354
8251355
8251356
8251357
8251358
8251359
8251360
8251361
8251362
8251363
8251364
8251365
8251366
8251367
8251368
8251369
8251370
8251371
8251372
8251373
8251374
8251375
8251376
8251377
8251378
8251379
8251380
8251381
8251382
8251383
8251384
8251385
8251386
8251387
8251388
8251389
8251390
8251391
8251392
8251393
8251394
8251395
8251396
8251397
8251398
8251399
8251400
8251401
8251402
8251403
8251404
8251405
8251406
8251407
8251408
8251409
8251410
8251411
8251412
8251413
8251414
8251415
8251416
8251417
8251418
8251419
8251420
8251421
8251422
8251423
8251424
8251425
8251426
8251427
8251428
8251429
8251430
8251431
8251432
8251433
8251434
8251435
8251436
8251437
8251438
8251439
8251440
8251441
8251442
8251443
8251444
8251445
8251446
8251447
8251448
8251449
8251450
8251451
8251452
8251453
8251454
8251455
8251456
8251457
8251458
8251459
8251460
8251461
8251462
8251463
8251464
8251465
8251466
8251467
8251468
8251469
8251470
8251471
8251472
8251473
8251474
8251475
8251476
8251477
8251478
8251479
8251480
8251481
8251482
8251483
8251484
8251485
8251486
8251487
8251488
8251489
8251490
8251491
8251492
8251493
8251494
8251495
8251496
8251497
8251498
8251499
8251500
8251501
8251502
8251503
8251504
8251505
8251506
8251507
8251508
8251509
8251510
8251511
8251512
8251513
8251514
8251515
8251516
8251517
8251518
8251519
8251520
8251521
8251522
8251523
8251524
8251525
8251526
8251527
8251528
8251529
8251530
8251531
8251532
8251533
8251534
8251535
8251536
8251537
8251538
8251539
8251540
8251541
8251542
8251543
8251544
8251545
8251546
8251547
8251548
8251549
8251550
8251551
8251552
8251553
8251554
8251555
8251556
8251557
8251558
8251559
8251560
8251561
8251562
8251563
8251564
8251565
8251566
8251567
8251568
8251569
8251570
8251571
8251572
8251573
8251574
8251575
8251576
8251577
8251578
8251579
8251580
8251581
8251582
8251583
8251584
8251585
8251586
8251587
8251588
8251589
8251590
8251591
8251592
8251593
8251594
8251595
8251596
8251597
8251598
8251599
8251600
8251601
8251602
8251603
8251604
8251605
8251606
8251607
8251608
8251609
8251610
8251611
8251612
8251613
8251614
8251615
8251616
8251617
8251618
8251619
8251620
8251621
8251622
8251623
8251624
8251625
8251626
8251627
8251628
8251629
8251630
8251631
8251632
8251633
8251634
8251635
8251636
8251637
8251638
8251639
8251640
8251641
8251642
8251643
8251644
8251645
8251646
8251647
8251648
8251649
8251650
8251651
8251652
8251653
8251654
8251655
8251656
8251657
8251658
8251659
8251660
8251661
8251662
8251663
8251664
8251665
8251666
8251667
8251668
8251669
8251670
8251671
8251672
8251673
8251674
8251675
8251676
8251677
8251678
8251679
8251680
8251681
8251682
8251683
8251684
8251685
8251686
8251687
8251688
8251689
8251690
8251691
8251692
8251693
8251694
8251695
8251696
8251697
8251698
8251699
8251700
8251701
8251702
8251703
8251704
8251705
8251706
8251707
8251708
8251709
8251710
8251711
8251712
8251713
8251714
8251715
8251716
8251717
8251718
8251719
8251720
8251721
8251722
8251723
8251724
8251725
8251726
8251727
8251728
8251729
8251730
8251731
8251732
8251733
8251734
8251735
8251736
8251737
8251738
8251739
8251740
8251741
8251742
8251743
8251744
8251745
8251746
8251747
8251748
8251749
8251750
8251751
8251752
8251753
8251754
8251755
8251756
8251757
8251758
8251759
8251760
8251761
8251762
8251763
8251764
8251765
8251766
8251767
8251768
8251769
8251770
8251771
8251772
8251773
8251774
8251775
8251776
8251777
8251778
8251779
8251780
8251781
8251782
8251783
8251784
8251785
8251786
8251787
8251788
8251789
8251790
8251791
8251792
8251793
8251794
8251795
8251796
8251797
8251798
8251799
8251800
8251801
8251802
8251803
8251804
8251805
8251806
8251807
8251808
8251809
8251810
8251811
8251812
8251813
8251814
8251815
8251816
8251817
8251818
8251819
8251820
8251821
8251822
8251823
8251824
8251825
8251826
8251827
8251828
8251829
8251830
8251831
8251832
8251833
8251834
8251835
8251836
8251837
8251838
8251839
8251840
8251841
8251842
8251843
8251844
8251845
8251846
8251847
8251848
8251849
8251850
8251851
8251852
8251853
8251854
8251855
8251856
8251857
8251858
8251859
8251860
8251861
8251862
8251863
8251864
8251865
8251866
8251867
8251868
8251869
8251870
8251871
8251872
8251873
8251874
8251875
8251876
8251877
8251878
8251879
8251880
8251881
8251882
8251883
8251884
8251885
8251886
8251887
8251888
8251889
8251890
8251891
8251892
8251893
8251894
8251895
8251896
8251897
8251898
8251899
8251900
8251901
8251902
8251903
8251904
8251905
8251906
8251907
8251908
8251909
8251910
8251911
8251912
8251913
8251914
8251915
8251916
8251917
8251918
8251919
8251920
8251921
8251922
8251923
8251924
8251925
8251926
8251927
8251928
8251929
8251930
8251931
8251932
8251933
8251934
8251935
8251936
8251937
8251938
8251939
8251940
8251941
8251942
8251943
8251944
8251945
8251946
8251947
8251948
8251949
8251950
8251951
8251952
8251953
8251954
8251955
8251956
8251957
8251958
8251959
8251960
8251961
8251962
8251963
8251964
8251965
8251966
8251967
8251968
8251969
8251970
8251971
8251972
8251973
8251974
8251975
8251976
8251977
8251978
8251979
8251980
8251981
8251982
8251983
8251984
8251985
8251986
8251987
8251988
8251989
8251990
8251991
8251992
8251993
8251994
8251995
8251996
8251997
8251998
8251999
8252000
8252001
8252002
8252003
8252004
8252005
8252006
8252007
8252008
8252009
8252010
8252011
8252012
8252013
8252014
8252015
8252016
8252017
8252018
8252019
8252020
8252021
8252022
8252023
8252024
8252025
8252026
8252027
8252028
8252029
8252030
8252031
8252032
8252033
8252034
8252035
8252036
8252037
8252038
8252039
8252040
8252041
8252042
8252043
8252044
8252045
8252046
8252047
8252048
8252049
8252050
8252051
8252052
8252053
8252054
8252055
8252056
8252057
8252058
8252059
8252060
8252061
8252062
8252063
8252064
8252065
8252066
8252067
8252068
8252069
8252070
8252071
8252072
8252073
8252074
8252075
8252076
8252077
8252078
8252079
8252080
8252081
8252082
8252083
8252084
8252085
8252086
8252087
8252088
8252089
8252090
8252091
8252092
8252093
8252094
8252095
8252096
8252097
8252098
8252099
8252100
8252101
8252102
8252103
8252104
8252105
8252106
8252107
8252108
8252109
8252110
8252111
8252112
8252113
8252114
8252115
8252116
8252117
8252118
8252119
8252120
8252121
8252122
8252123
8252124
8252125
8252126
8252127
8252128
8252129
8252130
8252131
8252132
8252133
8252134
8252135
8252136
8252137
8252138
8252139
8252140
8252141
8252142
8252143
8252144
8252145
8252146
8252147
8252148
8252149
8252150
8252151
8252152
8252153
8252154
8252155
8252156
8252157
8252158
8252159
8252160
8252161
8252162
8252163
8252164
8252165
8252166
8252167
8252168
8252169
8252170
8252171
8252172
8252173
8252174
8252175
8252176
8252177
8252178
8252179
8252180
8252181
8252182
8252183
8252184
8252185
8252186
8252187
8252188
8252189
8252190
8252191
8252192
8252193
8252194
8252195
8252196
8252197
8252198
8252199
8252200
8252201
8252202
8252203
8252204
8252205
8252206
8252207
8252208
8252209
8252210
8252211
8252212
8252213
8252214
8252215
8252216
8252217
8252218
8252219
8252220
8252221
8252222
8252223
8252224
8252225
8252226
8252227
8252228
8252229
8252230
8252231
8252232
8252233
8252234
8252235
8252236
8252237
8252238
8252239
8252240
8252241
8252242
8252243
8252244
8252245
8252246
8252247
8252248
8252249
8252250
8252251
8252252
8252253
8252254
8252255
8252256
8252257
8252258
8252259
8252260
8252261
8252262
8252263
8252264
8252265
8252266
8252267
8252268
8252269
8252270
8252271
8252272
8252273
8252274
8252275
8252276
8252277
8252278
8252279
8252280
8252281
8252282
8252283
8252284
8252285
8252286
8252287
8252288
8252289
8252290
8252291
8252292
8252293
8252294
8252295
8252296
8252297
8252298
8252299
8252300
8252301
8252302
8252303
8252304
8252305
8252306
8252307
8252308
8252309
8252310
8252311
8252312
8252313
8252314
8252315
8252316
8252317
8252318
8252319
8252320
8252321
8252322
8252323
8252324
8252325
8252326
8252327
8252328
8252329
8252330
8252331
8252332
8252333
8252334
8252335
8252336
8252337
8252338
8252339
8252340
8252341
8252342
8252343
8252344
8252345
8252346
8252347
8252348
8252349
8252350
8252351
8252352
8252353
8252354
8252355
8252356
8252357
8252358
8252359
8252360
8252361
8252362
8252363
8252364
8252365
8252366
8252367
8252368
8252369
8252370
8252371
8252372
8252373
8252374
8252375
8252376
8252377
8252378
8252379
8252380
8252381
8252382
8252383
8252384
8252385
8252386
8252387
8252388
8252389
8252390
8252391
8252392
8252393
8252394
8252395
8252396
8252397
8252398
8252399
8252400
8252401
8252402
8252403
8252404
8252405
8252406
8252407
8252408
8252409
8252410
8252411
8252412
8252413
8252414
8252415
8252416
8252417
8252418
8252419
8252420
8252421
8252422
8252423
8252424
8252425
8252426
8252427
8252428
8252429
8252430
8252431
8252432
8252433
8252434
8252435
8252436
8252437
8252438
8252439
8252440
8252441
8252442
8252443
8252444
8252445
8252446
8252447
8252448
8252449
8252450
8252451
8252452
8252453
8252454
8252455
8252456
8252457
8252458
8252459
8252460
8252461
8252462
8252463
8252464
8252465
8252466
8252467
8252468
8252469
8252470
8252471
8252472
8252473
8252474
8252475
8252476
8252477
8252478
8252479
8252480
8252481
8252482
8252483
8252484
8252485
8252486
8252487
8252488
8252489
8252490
8252491
8252492
8252493
8252494
8252495
8252496
8252497
8252498
8252499
8252500
8252501
8252502
8252503
8252504
8252505
8252506
8252507
8252508
8252509
8252510
8252511
8252512
8252513
8252514
8252515
8252516
8252517
8252518
8252519
8252520
8252521
8252522
8252523
8252524
8252525
8252526
8252527
8252528
8252529
8252530
8252531
8252532
8252533
8252534
8252535
8252536
8252537
8252538
8252539
8252540
8252541
8252542
8252543
8252544
8252545
8252546
8252547
8252548
8252549
8252550
8252551
8252552
8252553
8252554
8252555
8252556
8252557
8252558
8252559
8252560
8252561
8252562
8252563
8252564
8252565
8252566
8252567
8252568
8252569
8252570
8252571
8252572
8252573
8252574
8252575
8252576
8252577
8252578
8252579
8252580
8252581
8252582
8252583
8252584
8252585
8252586
8252587
8252588
8252589
8252590
8252591
8252592
8252593
8252594
8252595
8252596
8252597
8252598
8252599
8252600
8252601
8252602
8252603
8252604
8252605
8252606
8252607
8252608
8252609
8252610
8252611
8252612
8252613
8252614
8252615
8252616
8252617
8252618
8252619
8252620
8252621
8252622
8252623
8252624
8252625
8252626
8252627
8252628
8252629
8252630
8252631
8252632
8252633
8252634
8252635
8252636
8252637
8252638
8252639
8252640
8252641
8252642
8252643
8252644
8252645
8252646
8252647
8252648
8252649
8252650
8252651
8252652
8252653
8252654
8252655
8252656
8252657
8252658
8252659
8252660
8252661
8252662
8252663
8252664
8252665
8252666
8252667
8252668
8252669
8252670
8252671
8252672
8252673
8252674
8252675
8252676
8252677
8252678
8252679
8252680
8252681
8252682
8252683
8252684
8252685
8252686
8252687
8252688
8252689
8252690
8252691
8252692
8252693
8252694
8252695
8252696
8252697
8252698
8252699
8252700
8252701
8252702
8252703
8252704
8252705
8252706
8252707
8252708
8252709
8252710
8252711
8252712
8252713
8252714
8252715
8252716
8252717
8252718
8252719
8252720
8252721
8252722
8252723
8252724
8252725
8252726
8252727
8252728
8252729
8252730
8252731
8252732
8252733
8252734
8252735
8252736
8252737
8252738
8252739
8252740
8252741
8252742
8252743
8252744
8252745
8252746
8252747
8252748
8252749
8252750
8252751
8252752
8252753
8252754
8252755
8252756
8252757
8252758
8252759
8252760
8252761
8252762
8252763
8252764
8252765
8252766
8252767
8252768
8252769
8252770
8252771
8252772
8252773
8252774
8252775
8252776
8252777
8252778
8252779
8252780
8252781
8252782
8252783
8252784
8252785
8252786
8252787
8252788
8252789
8252790
8252791
8252792
8252793
8252794
8252795
8252796
8252797
8252798
8252799
8252800
8252801
8252802
8252803
8252804
8252805
8252806
8252807
8252808
8252809
8252810
8252811
8252812
8252813
8252814
8252815
8252816
8252817
8252818
8252819
8252820
8252821
8252822
8252823
8252824
8252825
8252826
8252827
8252828
8252829
8252830
8252831
8252832
8252833
8252834
8252835
8252836
8252837
8252838
8252839
8252840
8252841
8252842
8252843
8252844
8252845
8252846
8252847
8252848
8252849
8252850
8252851
8252852
8252853
8252854
8252855
8252856
8252857
8252858
8252859
8252860
8252861
8252862
8252863
8252864
8252865
8252866
8252867
8252868
8252869
8252870
8252871
8252872
8252873
8252874
8252875
8252876
