8252877
8252878
8252879
8252880
8252881
8252882
8252883
8252884
8252885
8252886
8252887
8252888
8252889
8252890
8252891
8252892
8252893
8252894
8252895
8252896
8252897
8252898
8252899
8252900
8252901
8252902
8252903
8252904
8252905
8252906
8252907
8252908
8252909
8252910
8252911
8252912
8252913
8252914
8252915
8252916
8252917
8252918
8252919
8252920
8252921
8252922
8252923
8252924
8252925
8252926
8252927
8252928
8252929
8252930
8252931
8252932
8252933
8252934
8252935
8252936
8252937
8252938
8252939
8252940
8252941
8252942
8252943
8252944
8252945
8252946
8252947
8252948
8252949
8252950
8252951
8252952
8252953
8252954
8252955
8252956
8252957
8252958
8252959
8252960
8252961
8252962
8252963
8252964
8252965
8252966
8252967
8252968
8252969
8252970
8252971
8252972
8252973
8252974
8252975
8252976
8252977
8252978
8252979
8252980
8252981
8252982
8252983
8252984
8252985
8252986
8252987
8252988
8252989
8252990
8252991
8252992
8252993
8252994
8252995
8252996
8252997
8252998
8252999
8253000
8253001
8253002
8253003
8253004
8253005
8253006
8253007
8253008
8253009
8253010
8253011
8253012
8253013
8253014
8253015
8253016
8253017
8253018
8253019
8253020
8253021
8253022
8253023
8253024
8253025
8253026
8253027
8253028
8253029
8253030
8253031
8253032
8253033
8253034
8253035
8253036
8253037
8253038
8253039
8253040
8253041
8253042
8253043
8253044
8253045
8253046
8253047
8253048
8253049
8253050
8253051
8253052
8253053
8253054
8253055
8253056
8253057
8253058
8253059
8253060
8253061
8253062
8253063
8253064
8253065
8253066
8253067
8253068
8253069
8253070
8253071
8253072
8253073
8253074
8253075
8253076
8253077
8253078
8253079
8253080
8253081
8253082
8253083
8253084
8253085
8253086
8253087
8253088
8253089
8253090
8253091
8253092
8253093
8253094
8253095
8253096
8253097
8253098
8253099
8253100
8253101
8253102
8253103
8253104
8253105
8253106
8253107
8253108
8253109
8253110
8253111
8253112
8253113
8253114
8253115
8253116
8253117
8253118
8253119
8253120
8253121
8253122
8253123
8253124
8253125
8253126
8253127
8253128
8253129
8253130
8253131
8253132
8253133
8253134
8253135
8253136
8253137
8253138
8253139
8253140
8253141
8253142
8253143
8253144
8253145
8253146
8253147
8253148
8253149
8253150
8253151
8253152
8253153
8253154
8253155
8253156
8253157
8253158
8253159
8253160
8253161
8253162
8253163
8253164
8253165
8253166
8253167
8253168
8253169
8253170
8253171
8253172
8253173
8253174
8253175
8253176
8253177
8253178
8253179
8253180
8253181
8253182
8253183
8253184
8253185
8253186
8253187
8253188
8253189
8253190
8253191
8253192
8253193
8253194
8253195
8253196
8253197
8253198
8253199
8253200
8253201
8253202
8253203
8253204
8253205
8253206
8253207
8253208
8253209
8253210
8253211
8253212
8253213
8253214
8253215
8253216
8253217
8253218
8253219
8253220
8253221
8253222
8253223
8253224
8253225
8253226
8253227
8253228
8253229
8253230
8253231
8253232
8253233
8253234
8253235
8253236
8253237
8253238
8253239
8253240
8253241
8253242
8253243
8253244
8253245
8253246
8253247
8253248
8253249
8253250
8253251
8253252
8253253
8253254
8253255
8253256
8253257
8253258
8253259
8253260
8253261
8253262
8253263
8253264
8253265
8253266
8253267
8253268
8253269
8253270
8253271
8253272
8253273
8253274
8253275
8253276
8253277
8253278
8253279
8253280
8253281
8253282
8253283
8253284
8253285
8253286
8253287
8253288
8253289
8253290
8253291
8253292
8253293
8253294
8253295
8253296
8253297
8253298
8253299
8253300
8253301
8253302
8253303
8253304
8253305
8253306
8253307
8253308
8253309
8253310
8253311
8253312
8253313
8253314
8253315
8253316
8253317
8253318
8253319
8253320
8253321
8253322
8253323
8253324
8253325
8253326
8253327
8253328
8253329
8253330
8253331
8253332
8253333
8253334
8253335
8253336
8253337
8253338
8253339
8253340
8253341
8253342
8253343
8253344
8253345
8253346
8253347
8253348
8253349
8253350
8253351
8253352
8253353
8253354
8253355
8253356
8253357
8253358
8253359
8253360
8253361
8253362
8253363
8253364
8253365
8253366
8253367
8253368
8253369
8253370
8253371
8253372
8253373
8253374
8253375
8253376
8253377
8253378
8253379
8253380
8253381
8253382
8253383
8253384
8253385
8253386
8253387
8253388
8253389
8253390
8253391
8253392
8253393
8253394
8253395
8253396
8253397
8253398
8253399
8253400
8253401
8253402
8253403
8253404
8253405
8253406
8253407
8253408
8253409
8253410
8253411
8253412
8253413
8253414
8253415
8253416
8253417
8253418
8253419
8253420
8253421
8253422
8253423
8253424
8253425
8253426
8253427
8253428
8253429
8253430
8253431
8253432
8253433
8253434
8253435
8253436
8253437
8253438
8253439
8253440
8253441
8253442
8253443
8253444
8253445
8253446
8253447
8253448
8253449
8253450
8253451
8253452
8253453
8253454
8253455
8253456
8253457
8253458
8253459
8253460
8253461
8253462
8253463
8253464
8253465
8253466
8253467
8253468
8253469
8253470
8253471
8253472
8253473
8253474
8253475
8253476
8253477
8253478
8253479
8253480
8253481
8253482
8253483
8253484
8253485
8253486
8253487
8253488
8253489
8253490
8253491
8253492
8253493
8253494
8253495
8253496
8253497
8253498
8253499
8253500
8253501
8253502
8253503
8253504
8253505
8253506
8253507
8253508
8253509
8253510
8253511
8253512
8253513
8253514
8253515
8253516
8253517
8253518
8253519
8253520
8253521
8253522
8253523
8253524
8253525
8253526
8253527
8253528
8253529
8253530
8253531
8253532
8253533
8253534
8253535
8253536
8253537
8253538
8253539
8253540
8253541
8253542
8253543
8253544
8253545
8253546
8253547
8253548
8253549
8253550
8253551
8253552
8253553
8253554
8253555
8253556
8253557
8253558
8253559
8253560
8253561
8253562
8253563
8253564
8253565
8253566
8253567
8253568
8253569
8253570
8253571
8253572
8253573
8253574
8253575
8253576
8253577
8253578
8253579
8253580
8253581
8253582
8253583
8253584
8253585
8253586
8253587
8253588
8253589
8253590
8253591
8253592
8253593
8253594
8253595
8253596
8253597
8253598
8253599
8253600
8253601
8253602
8253603
8253604
8253605
8253606
8253607
8253608
8253609
8253610
8253611
8253612
8253613
8253614
8253615
8253616
8253617
8253618
8253619
8253620
8253621
8253622
8253623
8253624
8253625
8253626
8253627
8253628
8253629
8253630
8253631
8253632
8253633
8253634
8253635
8253636
8253637
8253638
8253639
8253640
8253641
8253642
8253643
8253644
8253645
8253646
8253647
8253648
8253649
8253650
8253651
8253652
8253653
8253654
8253655
8253656
8253657
8253658
8253659
8253660
8253661
8253662
8253663
8253664
8253665
8253666
8253667
8253668
8253669
8253670
8253671
8253672
8253673
8253674
8253675
8253676
8253677
8253678
8253679
8253680
8253681
8253682
8253683
8253684
8253685
8253686
8253687
8253688
8253689
8253690
8253691
8253692
8253693
8253694
8253695
8253696
8253697
8253698
8253699
8253700
8253701
8253702
8253703
8253704
8253705
8253706
8253707
8253708
8253709
8253710
8253711
8253712
8253713
8253714
8253715
8253716
8253717
8253718
8253719
8253720
8253721
8253722
8253723
8253724
8253725
8253726
8253727
8253728
8253729
8253730
8253731
8253732
8253733
8253734
8253735
8253736
8253737
8253738
8253739
8253740
8253741
8253742
8253743
8253744
8253745
8253746
8253747
8253748
8253749
8253750
8253751
8253752
8253753
8253754
8253755
8253756
8253757
8253758
8253759
8253760
8253761
8253762
8253763
8253764
8253765
8253766
8253767
8253768
8253769
8253770
8253771
8253772
8253773
8253774
8253775
8253776
8253777
8253778
8253779
8253780
8253781
8253782
8253783
8253784
8253785
8253786
8253787
8253788
8253789
8253790
8253791
8253792
8253793
8253794
8253795
8253796
8253797
8253798
8253799
8253800
8253801
8253802
8253803
8253804
8253805
8253806
8253807
8253808
8253809
8253810
8253811
8253812
8253813
8253814
8253815
8253816
8253817
8253818
8253819
8253820
8253821
8253822
8253823
8253824
8253825
8253826
8253827
8253828
8253829
8253830
8253831
8253832
8253833
8253834
8253835
8253836
8253837
8253838
8253839
8253840
8253841
8253842
8253843
8253844
8253845
8253846
8253847
8253848
8253849
8253850
8253851
8253852
8253853
8253854
8253855
8253856
8253857
8253858
8253859
8253860
8253861
8253862
8253863
8253864
8253865
8253866
8253867
8253868
8253869
8253870
8253871
8253872
8253873
8253874
8253875
8253876
8253877
8253878
8253879
8253880
8253881
8253882
8253883
8253884
8253885
8253886
8253887
8253888
8253889
8253890
8253891
8253892
8253893
8253894
8253895
8253896
8253897
8253898
8253899
8253900
8253901
8253902
8253903
8253904
8253905
8253906
8253907
8253908
8253909
8253910
8253911
8253912
8253913
8253914
8253915
8253916
8253917
8253918
8253919
8253920
8253921
8253922
8253923
8253924
8253925
8253926
8253927
8253928
8253929
8253930
8253931
8253932
8253933
8253934
8253935
8253936
8253937
8253938
8253939
8253940
8253941
8253942
8253943
8253944
8253945
8253946
8253947
8253948
8253949
8253950
8253951
8253952
8253953
8253954
8253955
8253956
8253957
8253958
8253959
8253960
8253961
8253962
8253963
8253964
8253965
8253966
8253967
8253968
8253969
8253970
8253971
8253972
8253973
8253974
8253975
8253976
8253977
8253978
8253979
8253980
8253981
8253982
8253983
8253984
8253985
8253986
8253987
8253988
8253989
8253990
8253991
8253992
8253993
8253994
8253995
8253996
8253997
8253998
8253999
8254000
8254001
8254002
8254003
8254004
8254005
8254006
8254007
8254008
8254009
8254010
8254011
8254012
8254013
8254014
8254015
8254016
8254017
8254018
8254019
8254020
8254021
8254022
8254023
8254024
8254025
8254026
8254027
8254028
8254029
8254030
8254031
8254032
8254033
8254034
8254035
8254036
8254037
8254038
8254039
8254040
8254041
8254042
8254043
8254044
8254045
8254046
8254047
8254048
8254049
8254050
8254051
8254052
8254053
8254054
8254055
8254056
8254057
8254058
8254059
8254060
8254061
8254062
8254063
8254064
8254065
8254066
8254067
8254068
8254069
8254070
8254071
8254072
8254073
8254074
8254075
8254076
8254077
8254078
8254079
8254080
8254081
8254082
8254083
8254084
8254085
8254086
8254087
8254088
8254089
8254090
8254091
8254092
8254093
8254094
8254095
8254096
8254097
8254098
8254099
8254100
8254101
8254102
8254103
8254104
8254105
8254106
8254107
8254108
8254109
8254110
8254111
8254112
8254113
8254114
8254115
8254116
8254117
8254118
8254119
8254120
8254121
8254122
8254123
8254124
8254125
8254126
8254127
8254128
8254129
8254130
8254131
8254132
8254133
8254134
8254135
8254136
8254137
8254138
8254139
8254140
8254141
8254142
8254143
8254144
8254145
8254146
8254147
8254148
8254149
8254150
8254151
8254152
8254153
8254154
8254155
8254156
8254157
8254158
8254159
8254160
8254161
8254162
8254163
8254164
8254165
8254166
8254167
8254168
8254169
8254170
8254171
8254172
8254173
8254174
8254175
8254176
8254177
8254178
8254179
8254180
8254181
8254182
8254183
8254184
8254185
8254186
8254187
8254188
8254189
8254190
8254191
8254192
8254193
8254194
8254195
8254196
8254197
8254198
8254199
8254200
8254201
8254202
8254203
8254204
8254205
8254206
8254207
8254208
8254209
8254210
8254211
8254212
8254213
8254214
8254215
8254216
8254217
8254218
8254219
8254220
8254221
8254222
8254223
8254224
8254225
8254226
8254227
8254228
8254229
8254230
8254231
8254232
8254233
8254234
8254235
8254236
8254237
8254238
8254239
8254240
8254241
8254242
8254243
8254244
8254245
8254246
8254247
8254248
8254249
8254250
8254251
8254252
8254253
8254254
8254255
8254256
8254257
8254258
8254259
8254260
8254261
8254262
8254263
8254264
8254265
8254266
8254267
8254268
8254269
8254270
8254271
8254272
8254273
8254274
8254275
8254276
8254277
8254278
8254279
8254280
8254281
8254282
8254283
8254284
8254285
8254286
8254287
8254288
8254289
8254290
8254291
8254292
8254293
8254294
8254295
8254296
8254297
8254298
8254299
8254300
8254301
8254302
8254303
8254304
8254305
8254306
8254307
8254308
8254309
8254310
8254311
8254312
8254313
8254314
8254315
8254316
8254317
8254318
8254319
8254320
8254321
8254322
8254323
8254324
8254325
8254326
8254327
8254328
8254329
8254330
8254331
8254332
8254333
8254334
8254335
8254336
8254337
8254338
8254339
8254340
8254341
8254342
8254343
8254344
8254345
8254346
8254347
8254348
8254349
8254350
8254351
8254352
8254353
8254354
8254355
8254356
8254357
8254358
8254359
8254360
8254361
8254362
8254363
8254364
8254365
8254366
8254367
8254368
8254369
8254370
8254371
8254372
8254373
8254374
8254375
8254376
8254377
8254378
8254379
8254380
8254381
8254382
8254383
8254384
8254385
8254386
8254387
8254388
8254389
8254390
8254391
8254392
8254393
8254394
8254395
8254396
8254397
8254398
8254399
8254400
8254401
8254402
8254403
8254404
8254405
8254406
8254407
8254408
8254409
8254410
8254411
8254412
8254413
8254414
8254415
8254416
8254417
8254418
8254419
8254420
8254421
8254422
8254423
8254424
8254425
8254426
8254427
8254428
8254429
8254430
8254431
8254432
8254433
8254434
8254435
8254436
8254437
8254438
8254439
8254440
8254441
8254442
8254443
8254444
8254445
8254446
8254447
8254448
8254449
8254450
8254451
8254452
8254453
8254454
8254455
8254456
8254457
8254458
8254459
8254460
8254461
8254462
8254463
8254464
8254465
8254466
8254467
8254468
8254469
8254470
8254471
8254472
8254473
8254474
8254475
8254476
8254477
8254478
8254479
8254480
8254481
8254482
8254483
8254484
8254485
8254486
8254487
8254488
8254489
8254490
8254491
8254492
8254493
8254494
8254495
8254496
8254497
8254498
8254499
8254500
8254501
8254502
8254503
8254504
8254505
8254506
8254507
8254508
8254509
8254510
8254511
8254512
8254513
8254514
8254515
8254516
8254517
8254518
8254519
8254520
8254521
8254522
8254523
8254524
8254525
8254526
8254527
8254528
8254529
8254530
8254531
8254532
8254533
8254534
8254535
8254536
8254537
8254538
8254539
8254540
8254541
8254542
8254543
8254544
8254545
8254546
8254547
8254548
8254549
8254550
8254551
8254552
8254553
8254554
8254555
8254556
8254557
8254558
8254559
8254560
8254561
8254562
8254563
8254564
8254565
8254566
8254567
8254568
8254569
8254570
8254571
8254572
8254573
8254574
8254575
8254576
8254577
8254578
8254579
8254580
8254581
8254582
8254583
8254584
8254585
8254586
8254587
8254588
8254589
8254590
8254591
8254592
8254593
8254594
8254595
8254596
8254597
8254598
8254599
8254600
8254601
8254602
8254603
8254604
8254605
8254606
8254607
8254608
8254609
8254610
8254611
8254612
8254613
8254614
8254615
8254616
8254617
8254618
8254619
8254620
8254621
8254622
8254623
8254624
8254625
8254626
8254627
8254628
8254629
8254630
8254631
8254632
8254633
8254634
8254635
8254636
8254637
8254638
8254639
8254640
8254641
8254642
8254643
8254644
8254645
8254646
8254647
8254648
8254649
8254650
8254651
8254652
8254653
8254654
8254655
8254656
8254657
8254658
8254659
8254660
8254661
8254662
8254663
8254664
8254665
8254666
8254667
8254668
8254669
8254670
8254671
8254672
8254673
8254674
8254675
8254676
8254677
8254678
8254679
8254680
8254681
8254682
8254683
8254684
8254685
8254686
8254687
8254688
8254689
8254690
8254691
8254692
8254693
8254694
8254695
8254696
8254697
8254698
8254699
8254700
8254701
8254702
8254703
8254704
8254705
8254706
8254707
8254708
8254709
8254710
8254711
8254712
8254713
8254714
8254715
8254716
8254717
8254718
8254719
8254720
8254721
8254722
8254723
8254724
8254725
8254726
8254727
8254728
8254729
8254730
8254731
8254732
8254733
8254734
8254735
8254736
8254737
8254738
8254739
8254740
8254741
8254742
8254743
8254744
8254745
8254746
8254747
8254748
8254749
8254750
8254751
8254752
8254753
8254754
8254755
8254756
8254757
8254758
8254759
8254760
8254761
8254762
8254763
8254764
8254765
8254766
8254767
8254768
8254769
8254770
8254771
8254772
8254773
8254774
8254775
8254776
8254777
8254778
8254779
8254780
8254781
8254782
8254783
8254784
8254785
8254786
8254787
8254788
8254789
8254790
8254791
8254792
8254793
8254794
8254795
8254796
8254797
8254798
8254799
8254800
8254801
8254802
8254803
8254804
8254805
8254806
8254807
8254808
8254809
8254810
8254811
8254812
8254813
8254814
8254815
8254816
8254817
8254818
8254819
8254820
8254821
8254822
8254823
8254824
8254825
8254826
8254827
8254828
8254829
8254830
8254831
8254832
8254833
8254834
8254835
8254836
8254837
8254838
8254839
8254840
8254841
8254842
8254843
8254844
8254845
8254846
8254847
8254848
8254849
8254850
8254851
8254852
8254853
8254854
8254855
8254856
8254857
8254858
8254859
8254860
8254861
8254862
8254863
8254864
8254865
8254866
8254867
8254868
8254869
8254870
8254871
8254872
8254873
8254874
8254875
8254876
8254877
8254878
8254879
8254880
8254881
8254882
8254883
8254884
8254885
8254886
8254887
8254888
8254889
8254890
8254891
8254892
8254893
8254894
8254895
8254896
8254897
8254898
8254899
8254900
8254901
8254902
8254903
8254904
8254905
8254906
8254907
8254908
8254909
8254910
8254911
8254912
8254913
8254914
8254915
8254916
8254917
8254918
8254919
8254920
8254921
8254922
8254923
8254924
8254925
8254926
8254927
8254928
8254929
8254930
8254931
8254932
8254933
8254934
8254935
8254936
8254937
8254938
8254939
8254940
8254941
8254942
8254943
8254944
8254945
8254946
8254947
8254948
8254949
8254950
8254951
8254952
8254953
8254954
8254955
8254956
8254957
8254958
8254959
8254960
8254961
8254962
8254963
8254964
8254965
8254966
8254967
8254968
8254969
8254970
8254971
8254972
8254973
8254974
8254975
8254976
8254977
8254978
8254979
8254980
8254981
8254982
8254983
8254984
8254985
8254986
8254987
8254988
8254989
8254990
8254991
8254992
8254993
8254994
8254995
8254996
8254997
8254998
8254999
8255000
8255001
8255002
8255003
8255004
8255005
8255006
8255007
8255008
8255009
8255010
8255011
8255012
8255013
8255014
8255015
8255016
8255017
8255018
8255019
8255020
8255021
8255022
8255023
8255024
8255025
8255026
8255027
8255028
8255029
8255030
8255031
8255032
8255033
8255034
8255035
8255036
8255037
8255038
8255039
8255040
8255041
8255042
8255043
8255044
8255045
8255046
8255047
8255048
8255049
8255050
8255051
8255052
8255053
8255054
8255055
8255056
8255057
8255058
8255059
8255060
8255061
8255062
8255063
8255064
8255065
8255066
8255067
8255068
8255069
8255070
8255071
8255072
8255073
8255074
8255075
8255076
8255077
8255078
8255079
8255080
8255081
8255082
8255083
8255084
8255085
8255086
8255087
8255088
8255089
8255090
8255091
8255092
8255093
8255094
8255095
8255096
8255097
8255098
8255099
8255100
8255101
8255102
8255103
8255104
8255105
8255106
8255107
8255108
8255109
8255110
8255111
8255112
8255113
8255114
8255115
8255116
8255117
8255118
8255119
8255120
8255121
8255122
8255123
8255124
8255125
8255126
8255127
8255128
8255129
8255130
8255131
8255132
8255133
8255134
8255135
8255136
8255137
8255138
8255139
8255140
8255141
8255142
8255143
8255144
8255145
8255146
8255147
8255148
8255149
8255150
8255151
8255152
8255153
8255154
8255155
8255156
8255157
8255158
8255159
8255160
8255161
8255162
8255163
8255164
8255165
8255166
8255167
8255168
8255169
8255170
8255171
8255172
8255173
8255174
8255175
8255176
8255177
8255178
8255179
8255180
8255181
8255182
8255183
8255184
8255185
8255186
8255187
8255188
8255189
8255190
8255191
8255192
8255193
8255194
8255195
8255196
8255197
8255198
8255199
8255200
8255201
8255202
8255203
8255204
8255205
8255206
8255207
8255208
8255209
8255210
8255211
8255212
8255213
8255214
8255215
8255216
8255217
8255218
8255219
8255220
8255221
8255222
8255223
8255224
8255225
8255226
8255227
8255228
8255229
8255230
8255231
8255232
8255233
8255234
8255235
8255236
8255237
8255238
8255239
8255240
8255241
8255242
8255243
8255244
8255245
8255246
8255247
8255248
8255249
8255250
8255251
8255252
8255253
8255254
8255255
8255256
8255257
8255258
8255259
8255260
8255261
8255262
8255263
8255264
8255265
8255266
8255267
8255268
8255269
8255270
8255271
8255272
8255273
8255274
8255275
8255276
8255277
8255278
8255279
8255280
8255281
8255282
8255283
8255284
8255285
8255286
8255287
8255288
8255289
8255290
8255291
8255292
8255293
8255294
8255295
8255296
8255297
8255298
8255299
8255300
8255301
8255302
8255303
8255304
8255305
8255306
8255307
8255308
8255309
8255310
8255311
8255312
8255313
8255314
8255315
8255316
8255317
8255318
8255319
8255320
8255321
8255322
8255323
8255324
8255325
8255326
8255327
8255328
8255329
8255330
8255331
8255332
8255333
8255334
8255335
8255336
8255337
8255338
8255339
8255340
8255341
8255342
8255343
8255344
8255345
8255346
8255347
8255348
8255349
8255350
8255351
8255352
8255353
8255354
8255355
8255356
8255357
8255358
8255359
8255360
8255361
8255362
8255363
8255364
8255365
8255366
8255367
8255368
8255369
8255370
8255371
8255372
8255373
8255374
8255375
8255376
8255377
8255378
8255379
8255380
8255381
8255382
8255383
8255384
8255385
8255386
8255387
8255388
8255389
8255390
8255391
8255392
8255393
8255394
8255395
8255396
8255397
8255398
8255399
8255400
8255401
8255402
8255403
8255404
8255405
8255406
8255407
8255408
8255409
8255410
8255411
8255412
8255413
8255414
8255415
8255416
8255417
8255418
8255419
8255420
8255421
8255422
8255423
8255424
8255425
8255426
8255427
8255428
8255429
8255430
8255431
8255432
8255433
8255434
8255435
8255436
8255437
8255438
8255439
8255440
8255441
8255442
8255443
8255444
8255445
8255446
8255447
8255448
8255449
8255450
8255451
8255452
8255453
8255454
8255455
8255456
8255457
8255458
8255459
8255460
8255461
8255462
8255463
8255464
8255465
8255466
8255467
8255468
8255469
8255470
8255471
8255472
8255473
8255474
8255475
8255476
8255477
8255478
8255479
8255480
8255481
8255482
8255483
8255484
8255485
8255486
8255487
8255488
8255489
8255490
8255491
8255492
8255493
8255494
8255495
8255496
8255497
8255498
8255499
8255500
8255501
8255502
8255503
8255504
8255505
8255506
8255507
8255508
8255509
8255510
8255511
8255512
8255513
8255514
8255515
8255516
8255517
8255518
8255519
8255520
8255521
8255522
8255523
8255524
8255525
8255526
8255527
8255528
8255529
8255530
8255531
8255532
8255533
8255534
8255535
8255536
8255537
8255538
8255539
8255540
8255541
8255542
8255543
8255544
8255545
8255546
8255547
8255548
8255549
8255550
8255551
8255552
8255553
8255554
8255555
8255556
8255557
8255558
8255559
8255560
8255561
8255562
8255563
8255564
8255565
8255566
8255567
8255568
8255569
8255570
8255571
8255572
8255573
8255574
8255575
8255576
8255577
8255578
8255579
8255580
8255581
8255582
8255583
8255584
8255585
8255586
8255587
8255588
8255589
8255590
8255591
8255592
8255593
8255594
8255595
8255596
8255597
8255598
8255599
8255600
8255601
8255602
8255603
8255604
8255605
8255606
8255607
8255608
8255609
8255610
8255611
8255612
8255613
8255614
8255615
8255616
8255617
8255618
8255619
8255620
8255621
8255622
8255623
8255624
8255625
8255626
8255627
8255628
8255629
8255630
8255631
8255632
8255633
8255634
8255635
8255636
8255637
8255638
8255639
8255640
8255641
8255642
8255643
8255644
8255645
8255646
8255647
8255648
8255649
8255650
8255651
8255652
8255653
8255654
8255655
8255656
8255657
8255658
8255659
8255660
8255661
8255662
8255663
8255664
8255665
8255666
8255667
8255668
8255669
8255670
8255671
8255672
8255673
8255674
8255675
8255676
8255677
8255678
8255679
8255680
8255681
8255682
8255683
8255684
8255685
8255686
8255687
8255688
8255689
8255690
8255691
8255692
8255693
8255694
8255695
8255696
8255697
8255698
8255699
8255700
8255701
8255702
8255703
8255704
8255705
8255706
8255707
8255708
8255709
8255710
8255711
8255712
8255713
8255714
8255715
8255716
8255717
8255718
8255719
8255720
8255721
8255722
8255723
8255724
8255725
8255726
8255727
8255728
8255729
8255730
8255731
8255732
8255733
8255734
8255735
8255736
8255737
8255738
8255739
8255740
8255741
8255742
8255743
8255744
8255745
8255746
8255747
8255748
8255749
8255750
8255751
8255752
8255753
8255754
8255755
8255756
8255757
8255758
8255759
8255760
8255761
8255762
8255763
8255764
8255765
8255766
8255767
8255768
8255769
8255770
8255771
8255772
8255773
8255774
8255775
8255776
8255777
8255778
8255779
8255780
8255781
8255782
8255783
8255784
8255785
8255786
8255787
8255788
8255789
8255790
8255791
8255792
8255793
8255794
8255795
8255796
8255797
8255798
8255799
8255800
8255801
8255802
8255803
8255804
8255805
8255806
8255807
8255808
8255809
8255810
8255811
8255812
8255813
8255814
8255815
8255816
8255817
8255818
8255819
8255820
8255821
8255822
8255823
8255824
8255825
8255826
8255827
8255828
8255829
8255830
8255831
8255832
8255833
8255834
8255835
8255836
8255837
8255838
8255839
8255840
8255841
8255842
8255843
8255844
8255845
8255846
8255847
8255848
8255849
8255850
8255851
8255852
8255853
8255854
8255855
8255856
8255857
8255858
8255859
8255860
8255861
8255862
8255863
8255864
8255865
8255866
8255867
8255868
8255869
8255870
8255871
8255872
8255873
8255874
8255875
8255876
8255877
8255878
8255879
8255880
8255881
8255882
8255883
8255884
8255885
8255886
8255887
8255888
8255889
8255890
8255891
8255892
8255893
8255894
8255895
8255896
8255897
8255898
8255899
8255900
8255901
8255902
8255903
8255904
8255905
8255906
8255907
8255908
8255909
8255910
8255911
8255912
8255913
8255914
8255915
8255916
8255917
8255918
8255919
8255920
8255921
8255922
8255923
8255924
8255925
8255926
8255927
8255928
8255929
8255930
8255931
8255932
8255933
8255934
8255935
8255936
8255937
8255938
8255939
8255940
8255941
8255942
8255943
8255944
8255945
8255946
8255947
8255948
8255949
8255950
8255951
8255952
8255953
8255954
8255955
8255956
8255957
8255958
8255959
8255960
8255961
8255962
8255963
8255964
8255965
8255966
8255967
8255968
8255969
8255970
8255971
8255972
8255973
8255974
8255975
8255976
8255977
8255978
8255979
8255980
8255981
8255982
8255983
8255984
8255985
8255986
8255987
8255988
8255989
8255990
8255991
8255992
8255993
8255994
8255995
8255996
8255997
8255998
8255999
8256000
8256001
8256002
8256003
8256004
8256005
8256006
8256007
8256008
8256009
8256010
8256011
8256012
8256013
8256014
8256015
8256016
8256017
8256018
8256019
8256020
8256021
8256022
8256023
8256024
8256025
8256026
8256027
8256028
8256029
8256030
8256031
8256032
8256033
8256034
8256035
8256036
8256037
8256038
8256039
8256040
8256041
8256042
8256043
8256044
8256045
8256046
8256047
8256048
8256049
8256050
8256051
8256052
8256053
8256054
8256055
8256056
8256057
8256058
8256059
8256060
8256061
8256062
8256063
8256064
8256065
8256066
8256067
8256068
8256069
8256070
8256071
8256072
8256073
8256074
8256075
8256076
8256077
8256078
8256079
8256080
8256081
8256082
8256083
8256084
8256085
8256086
8256087
8256088
8256089
8256090
8256091
8256092
8256093
8256094
8256095
8256096
8256097
8256098
8256099
8256100
8256101
8256102
8256103
8256104
8256105
8256106
8256107
8256108
8256109
8256110
8256111
8256112
8256113
8256114
8256115
8256116
8256117
8256118
8256119
8256120
8256121
8256122
8256123
8256124
8256125
8256126
8256127
8256128
8256129
8256130
8256131
8256132
8256133
8256134
8256135
8256136
8256137
8256138
8256139
8256140
8256141
8256142
8256143
8256144
8256145
8256146
8256147
8256148
8256149
8256150
8256151
8256152
8256153
8256154
8256155
8256156
8256157
8256158
8256159
8256160
8256161
8256162
8256163
8256164
8256165
8256166
8256167
8256168
8256169
8256170
8256171
8256172
8256173
8256174
8256175
8256176
8256177
8256178
8256179
8256180
8256181
8256182
8256183
8256184
8256185
8256186
8256187
8256188
8256189
8256190
8256191
8256192
8256193
8256194
8256195
8256196
8256197
8256198
8256199
8256200
8256201
8256202
8256203
8256204
8256205
8256206
8256207
8256208
8256209
8256210
8256211
8256212
8256213
8256214
8256215
8256216
8256217
8256218
8256219
8256220
8256221
8256222
8256223
8256224
8256225
8256226
8256227
8256228
8256229
8256230
8256231
8256232
8256233
8256234
8256235
8256236
8256237
8256238
8256239
8256240
8256241
8256242
8256243
8256244
8256245
8256246
8256247
8256248
8256249
8256250
8256251
8256252
8256253
8256254
8256255
8256256
8256257
8256258
8256259
8256260
8256261
8256262
8256263
8256264
8256265
8256266
8256267
8256268
8256269
8256270
8256271
8256272
8256273
8256274
8256275
8256276
8256277
8256278
8256279
8256280
8256281
8256282
8256283
8256284
8256285
8256286
8256287
8256288
8256289
8256290
8256291
8256292
8256293
8256294
8256295
8256296
8256297
8256298
8256299
8256300
8256301
8256302
8256303
8256304
8256305
8256306
8256307
8256308
8256309
8256310
8256311
8256312
8256313
8256314
8256315
8256316
8256317
8256318
8256319
8256320
8256321
8256322
8256323
8256324
8256325
8256326
8256327
8256328
8256329
8256330
8256331
8256332
8256333
8256334
8256335
8256336
8256337
8256338
8256339
8256340
8256341
8256342
8256343
8256344
8256345
8256346
8256347
8256348
8256349
8256350
8256351
8256352
8256353
8256354
8256355
8256356
8256357
8256358
8256359
8256360
8256361
8256362
8256363
8256364
8256365
8256366
8256367
8256368
8256369
8256370
8256371
8256372
8256373
8256374
8256375
8256376
8256377
8256378
8256379
8256380
8256381
8256382
8256383
8256384
8256385
8256386
8256387
8256388
8256389
8256390
8256391
8256392
8256393
8256394
8256395
8256396
8256397
8256398
8256399
8256400
8256401
8256402
8256403
8256404
8256405
8256406
8256407
8256408
8256409
8256410
8256411
8256412
8256413
8256414
8256415
8256416
8256417
8256418
8256419
8256420
8256421
8256422
8256423
8256424
8256425
8256426
8256427
8256428
8256429
8256430
8256431
8256432
8256433
8256434
8256435
8256436
8256437
8256438
8256439
8256440
8256441
8256442
8256443
8256444
8256445
8256446
8256447
8256448
8256449
8256450
8256451
8256452
8256453
8256454
8256455
8256456
8256457
8256458
8256459
8256460
8256461
8256462
8256463
8256464
8256465
8256466
8256467
8256468
8256469
8256470
8256471
8256472
8256473
8256474
8256475
8256476
8256477
8256478
8256479
8256480
8256481
8256482
8256483
8256484
8256485
8256486
8256487
8256488
8256489
8256490
8256491
8256492
8256493
8256494
8256495
8256496
8256497
8256498
8256499
8256500
8256501
8256502
8256503
8256504
8256505
8256506
8256507
8256508
8256509
8256510
8256511
8256512
8256513
8256514
8256515
8256516
8256517
8256518
8256519
8256520
8256521
8256522
8256523
8256524
8256525
8256526
8256527
8256528
8256529
8256530
8256531
8256532
8256533
8256534
8256535
8256536
8256537
8256538
8256539
8256540
8256541
8256542
8256543
8256544
8256545
8256546
8256547
8256548
8256549
8256550
8256551
8256552
8256553
8256554
8256555
8256556
8256557
8256558
8256559
8256560
8256561
8256562
8256563
8256564
8256565
8256566
8256567
8256568
8256569
8256570
8256571
8256572
8256573
8256574
8256575
8256576
8256577
8256578
8256579
8256580
8256581
8256582
8256583
8256584
8256585
8256586
8256587
8256588
8256589
8256590
8256591
8256592
8256593
8256594
8256595
8256596
8256597
8256598
8256599
8256600
8256601
8256602
8256603
8256604
8256605
8256606
8256607
8256608
8256609
8256610
8256611
8256612
8256613
8256614
8256615
8256616
8256617
8256618
8256619
8256620
8256621
8256622
8256623
8256624
8256625
8256626
8256627
8256628
8256629
8256630
8256631
8256632
8256633
8256634
8256635
8256636
8256637
8256638
8256639
8256640
8256641
8256642
8256643
8256644
8256645
8256646
8256647
8256648
8256649
8256650
8256651
8256652
8256653
8256654
8256655
8256656
8256657
8256658
8256659
8256660
8256661
8256662
8256663
8256664
8256665
8256666
8256667
8256668
8256669
8256670
8256671
8256672
8256673
8256674
8256675
8256676
8256677
8256678
8256679
8256680
8256681
8256682
8256683
8256684
8256685
8256686
8256687
8256688
8256689
8256690
8256691
8256692
8256693
8256694
8256695
8256696
8256697
8256698
8256699
8256700
8256701
8256702
8256703
8256704
8256705
8256706
8256707
8256708
8256709
8256710
8256711
8256712
8256713
8256714
8256715
8256716
8256717
8256718
8256719
8256720
8256721
8256722
8256723
8256724
8256725
8256726
8256727
8256728
8256729
8256730
8256731
8256732
8256733
8256734
8256735
8256736
8256737
8256738
8256739
8256740
8256741
8256742
8256743
8256744
8256745
8256746
8256747
8256748
8256749
8256750
8256751
8256752
8256753
8256754
8256755
8256756
8256757
8256758
8256759
8256760
8256761
8256762
8256763
8256764
8256765
8256766
8256767
8256768
8256769
8256770
8256771
8256772
8256773
8256774
8256775
8256776
8256777
8256778
8256779
8256780
8256781
8256782
8256783
8256784
8256785
8256786
8256787
8256788
8256789
8256790
8256791
8256792
8256793
8256794
8256795
8256796
8256797
8256798
8256799
8256800
8256801
8256802
8256803
8256804
8256805
8256806
8256807
8256808
8256809
8256810
8256811
8256812
8256813
8256814
8256815
8256816
8256817
8256818
8256819
8256820
8256821
8256822
8256823
8256824
8256825
8256826
8256827
8256828
8256829
8256830
8256831
8256832
8256833
8256834
8256835
8256836
8256837
8256838
8256839
8256840
8256841
8256842
8256843
8256844
8256845
8256846
8256847
8256848
8256849
8256850
8256851
8256852
8256853
8256854
8256855
8256856
8256857
8256858
8256859
8256860
8256861
8256862
8256863
8256864
8256865
8256866
8256867
8256868
8256869
8256870
8256871
8256872
8256873
8256874
8256875
8256876
8256877
8256878
8256879
8256880
8256881
8256882
8256883
8256884
8256885
8256886
8256887
8256888
8256889
8256890
8256891
8256892
8256893
8256894
8256895
8256896
8256897
8256898
8256899
8256900
8256901
8256902
8256903
8256904
8256905
8256906
8256907
8256908
8256909
8256910
8256911
8256912
8256913
8256914
8256915
8256916
8256917
8256918
8256919
8256920
8256921
8256922
8256923
8256924
8256925
8256926
8256927
8256928
8256929
8256930
8256931
8256932
8256933
8256934
8256935
8256936
8256937
8256938
8256939
8256940
8256941
8256942
8256943
8256944
8256945
8256946
8256947
8256948
8256949
8256950
8256951
8256952
8256953
8256954
8256955
8256956
8256957
8256958
8256959
8256960
8256961
8256962
8256963
8256964
8256965
8256966
8256967
8256968
8256969
8256970
8256971
8256972
8256973
8256974
8256975
8256976
8256977
8256978
8256979
8256980
8256981
8256982
8256983
8256984
8256985
8256986
8256987
8256988
8256989
8256990
8256991
8256992
8256993
8256994
8256995
8256996
8256997
8256998
8256999
8257000
8257001
8257002
8257003
8257004
8257005
8257006
8257007
8257008
8257009
8257010
8257011
8257012
8257013
8257014
8257015
8257016
8257017
8257018
8257019
8257020
8257021
8257022
8257023
8257024
8257025
8257026
8257027
8257028
8257029
8257030
8257031
8257032
8257033
8257034
8257035
8257036
8257037
8257038
8257039
8257040
8257041
8257042
8257043
8257044
8257045
8257046
8257047
8257048
8257049
8257050
8257051
8257052
8257053
8257054
8257055
8257056
8257057
8257058
8257059
8257060
8257061
8257062
8257063
8257064
8257065
8257066
8257067
8257068
8257069
8257070
8257071
8257072
8257073
8257074
8257075
8257076
8257077
8257078
8257079
8257080
8257081
8257082
8257083
8257084
8257085
8257086
8257087
8257088
8257089
8257090
8257091
8257092
8257093
8257094
8257095
8257096
8257097
8257098
8257099
8257100
8257101
8257102
8257103
8257104
8257105
8257106
8257107
8257108
8257109
8257110
8257111
8257112
8257113
8257114
8257115
8257116
8257117
8257118
8257119
8257120
8257121
8257122
8257123
8257124
8257125
8257126
8257127
8257128
8257129
8257130
8257131
8257132
8257133
8257134
8257135
8257136
8257137
8257138
8257139
8257140
8257141
8257142
8257143
8257144
8257145
8257146
8257147
8257148
8257149
8257150
8257151
8257152
8257153
8257154
8257155
8257156
8257157
8257158
8257159
8257160
8257161
8257162
8257163
8257164
8257165
8257166
8257167
8257168
8257169
8257170
8257171
8257172
8257173
8257174
8257175
8257176
8257177
8257178
8257179
8257180
8257181
8257182
8257183
8257184
8257185
8257186
8257187
8257188
8257189
8257190
8257191
8257192
8257193
8257194
8257195
8257196
8257197
8257198
8257199
8257200
8257201
8257202
8257203
8257204
8257205
8257206
8257207
8257208
8257209
8257210
8257211
8257212
8257213
8257214
8257215
8257216
8257217
8257218
8257219
8257220
8257221
8257222
8257223
8257224
8257225
8257226
8257227
8257228
8257229
8257230
8257231
8257232
8257233
8257234
8257235
8257236
8257237
8257238
8257239
8257240
8257241
8257242
8257243
8257244
8257245
8257246
8257247
8257248
8257249
8257250
8257251
8257252
8257253
8257254
8257255
8257256
8257257
8257258
8257259
8257260
8257261
8257262
8257263
8257264
8257265
8257266
8257267
8257268
8257269
8257270
8257271
8257272
8257273
8257274
8257275
8257276
8257277
8257278
8257279
8257280
8257281
8257282
8257283
8257284
8257285
8257286
8257287
8257288
8257289
8257290
8257291
8257292
8257293
8257294
8257295
8257296
8257297
8257298
8257299
8257300
8257301
8257302
8257303
8257304
8257305
8257306
8257307
8257308
8257309
8257310
8257311
8257312
8257313
8257314
8257315
8257316
8257317
8257318
8257319
8257320
8257321
8257322
8257323
8257324
8257325
8257326
8257327
8257328
8257329
8257330
8257331
8257332
8257333
8257334
8257335
8257336
8257337
8257338
8257339
8257340
8257341
8257342
8257343
8257344
8257345
8257346
8257347
8257348
8257349
8257350
8257351
8257352
8257353
8257354
8257355
8257356
8257357
8257358
8257359
8257360
8257361
8257362
8257363
8257364
8257365
8257366
8257367
8257368
8257369
8257370
8257371
8257372
8257373
8257374
8257375
8257376
8257377
8257378
8257379
8257380
8257381
8257382
8257383
8257384
8257385
8257386
8257387
8257388
8257389
8257390
8257391
8257392
8257393
8257394
8257395
8257396
8257397
8257398
8257399
8257400
8257401
8257402
8257403
8257404
8257405
8257406
8257407
8257408
8257409
8257410
8257411
8257412
8257413
8257414
8257415
8257416
8257417
8257418
8257419
8257420
8257421
8257422
8257423
8257424
8257425
8257426
8257427
8257428
8257429
8257430
8257431
8257432
8257433
8257434
8257435
8257436
8257437
8257438
8257439
8257440
8257441
8257442
8257443
8257444
8257445
8257446
8257447
8257448
8257449
8257450
8257451
8257452
8257453
8257454
8257455
8257456
8257457
8257458
8257459
8257460
8257461
8257462
8257463
8257464
8257465
8257466
8257467
8257468
8257469
8257470
8257471
8257472
8257473
8257474
8257475
8257476
8257477
8257478
8257479
8257480
8257481
8257482
8257483
8257484
8257485
8257486
8257487
8257488
8257489
8257490
8257491
8257492
8257493
8257494
8257495
8257496
8257497
8257498
8257499
8257500
8257501
8257502
8257503
8257504
8257505
8257506
8257507
8257508
8257509
8257510
8257511
8257512
8257513
8257514
8257515
8257516
8257517
8257518
8257519
8257520
8257521
8257522
8257523
8257524
8257525
8257526
8257527
8257528
8257529
8257530
8257531
8257532
8257533
8257534
8257535
8257536
8257537
8257538
8257539
8257540
8257541
8257542
8257543
8257544
8257545
8257546
8257547
8257548
8257549
8257550
8257551
8257552
8257553
8257554
8257555
8257556
8257557
8257558
8257559
8257560
8257561
8257562
8257563
8257564
8257565
8257566
8257567
8257568
8257569
8257570
8257571
8257572
8257573
8257574
8257575
8257576
8257577
8257578
8257579
8257580
8257581
8257582
8257583
8257584
8257585
8257586
8257587
8257588
8257589
8257590
8257591
8257592
8257593
8257594
8257595
8257596
8257597
8257598
8257599
8257600
8257601
8257602
8257603
8257604
8257605
8257606
8257607
8257608
8257609
8257610
8257611
8257612
8257613
8257614
8257615
8257616
8257617
8257618
8257619
8257620
8257621
8257622
8257623
8257624
8257625
8257626
8257627
8257628
8257629
8257630
8257631
8257632
8257633
8257634
8257635
8257636
8257637
8257638
8257639
8257640
8257641
8257642
8257643
8257644
8257645
8257646
8257647
8257648
8257649
8257650
8257651
8257652
8257653
8257654
8257655
8257656
8257657
8257658
8257659
8257660
8257661
8257662
8257663
8257664
8257665
8257666
8257667
8257668
8257669
8257670
8257671
8257672
8257673
8257674
8257675
8257676
8257677
8257678
8257679
8257680
8257681
8257682
8257683
8257684
8257685
8257686
8257687
8257688
8257689
8257690
8257691
8257692
8257693
8257694
8257695
8257696
8257697
8257698
8257699
8257700
8257701
8257702
8257703
8257704
8257705
8257706
8257707
8257708
8257709
8257710
8257711
8257712
8257713
8257714
8257715
8257716
8257717
8257718
8257719
8257720
8257721
8257722
8257723
8257724
8257725
8257726
8257727
8257728
8257729
8257730
8257731
8257732
8257733
8257734
8257735
8257736
8257737
8257738
8257739
8257740
8257741
8257742
8257743
8257744
8257745
8257746
8257747
8257748
8257749
8257750
8257751
8257752
8257753
8257754
8257755
8257756
8257757
8257758
8257759
8257760
8257761
8257762
8257763
8257764
8257765
8257766
8257767
8257768
8257769
8257770
8257771
8257772
8257773
8257774
8257775
8257776
8257777
8257778
8257779
8257780
8257781
8257782
8257783
8257784
8257785
8257786
8257787
8257788
8257789
8257790
8257791
8257792
8257793
8257794
8257795
8257796
8257797
8257798
8257799
8257800
8257801
8257802
8257803
8257804
8257805
8257806
8257807
8257808
8257809
8257810
8257811
8257812
8257813
8257814
8257815
8257816
8257817
8257818
8257819
8257820
8257821
8257822
8257823
8257824
8257825
8257826
8257827
8257828
8257829
8257830
8257831
8257832
8257833
8257834
8257835
8257836
8257837
8257838
8257839
8257840
8257841
8257842
8257843
8257844
8257845
8257846
8257847
8257848
8257849
8257850
8257851
8257852
8257853
8257854
8257855
8257856
8257857
8257858
8257859
8257860
8257861
8257862
8257863
8257864
8257865
8257866
8257867
8257868
8257869
8257870
8257871
8257872
8257873
8257874
8257875
8257876
