0.52908 0.962277 0.835714 0.680986 0.587754 0.757133 0.757133 0.773791 0.299786 0.327738 0.172463 0.231317 0.15699 0.533853 0.460175 0.533853 0.898673 0.638834 0.910201 0.864227 0.968077 0.659775 0.973879 0.830036 0.675658 0.697062 0.921748 0.519599 0.991292 0.979682 
1.31469e-14 2.97993e-12 3.61131e-09 1.92863e-09 1.2578e-11 1.58737e-12 3.98026e-11 4.42398e-10 1.79125e-11 5.76557e-13 8.69148e-09 1.50569e-12 1.63489e-10 1.71516e-10 6.76513e-06 0.000118829 8.26799e-05 0.000458334 0.000786837 3.44664e-05 3.23284e-05 6.6686e-05 8.52411e-05 3.44664e-05 3.24156e-06 2.26478e-05 4.88388e-05 0.000142064 0.000179746 0.000328199 
0.389948 0.673101 0.223252 0.85473 0.85473 0.867239 0.232461 0.610431 0.545191 0.678921 0.389948 0.842257 0.577377 0.974599 0.85473 0.756218 0.359964 0.661519 0.655759 0.904955 0.52424 0.942886 0.245153 0.655759 0.241935 0.842257 0.529438 0.426015 0.873507 0.655759 
0.273471 0.852798 0.597818 0.757133 0.514891 0.707857 0.628469 0.538648 0.991292 0.892917 0.858509 0.148634 0.910201 0.898673 0.985486 0.904435 0.558042 0.847096 0.768226 0.237039 0.985486 0.455767 0.628469 0.875684 0.973879 0.36498 0.950683 0.558042 0.796165 0.702452 
0.0803155 0.430867 0.988468 0.701709 0.393798 0.105495 0.165282 0.385831 0.20341 0.430867 0.755993 0.953897 0.739566 0.800319 0.712455 0.822736 0.890788 0.208593 0.461048 0.734117 0.628252 0.988468 0.381885 0.93664 0.465454 0.755993 0.728681 0.750504 0.492376 0.515433 
0.738491 0.549954 0.652485 0.186874 0.316557 0.969034 0.797787 0.840023 0.762045 0.549954 0.446732 0.950474 0.20568 0.913443 0.608353 0.658092 0.709392 0.301784 0.397398 0.975225 0.397398 0.767969 0.602932 0.680711 0.846097 0.803787 0.773907 0.646897 0.907288 0.821857 
0.477046 0.463526 0.136725 0.592561 0.187003 0.132901 0.514132 0.403335 0.490779 0.758172 0.351865 0.0668571 0.291152 0.4816 0.941563 0.287815 0.0538638 0.0903883 0.161474 0.528416 0.786214 0.291152 0.35567 0.463526 0.179762 0.284503 0.758172 0.204733 0.552664 0.15499 
0.366017 0.11585 0.142625 0.0119244 0.784495 0.761241 0.605472 0.778662 0.621476 0.849382 0.301559 0.218473 0.849382 0.461219 0.251365 0.327125 0.425096 0.224211 0.254518 0.104033 0.600178 0.518483 0.861304 0.159928 0.151088 0.0585607 0.11585 0.164492 0.171521 0.461219 
0.0844571 0.349922 0.397514 0.961692 0.125209 0.654839 0.776038 0.288982 0.238563 0.232727 0.224163 0.157056 0.194695 0.259801 0.90296 0.381233 0.125209 0.810213 0.244502 0.189658 0.25669 0.288982 0.235632 0.489631 0.638914 0.592152 0.309619 0.475807 0.471247 0.205063 
0.824599 0.524284 0.43274 0.685795 0.665224 0.00309012 0.000294592 0.000278973 0.000800441 0.0204301 0.000375563 0.0438202 0.000704499 0.000155675 0.273914 0.561599 0.634838 0.797323 0.488282 0.538127 0.510626 0.479495 0.292855 0.319449 0.36593 0.258782 0.524284 0.36593 0.874213 0.808206 
0.493106 0.786164 0.0351949 0.769741 0.247446 0.769741 0.841557 0.689301 0.131964 0.797166 0.858343 0.903399 0.632411 0.553471 0.965832 0.21679 0.145274 0.364567 0.553471 0.897747 0.808208 0.914717 0.383754 0.577617 0.627339 0.539226 0.525166 0.376006 0.534518 0.19628 
0.506704 0.120746 0.294891 0.878651 0.197433 0.50217 0.16504 0.626652 0.553205 0.917987 0.873054 0.917987 0.150426 0.436805 0.714574 0.572374 0.779091 0.257353 0.626652 0.934912 0.462344 0.806458 0.318404 0.735879 0.185368 0.884254 0.311564 0.388238 0.318404 0.834065 
0.625819 0.954915 0.488584 0.458069 0.484159 0.0383944 0.113422 0.645981 0.605933 0.276457 0.651063 0.949287 0.576646 0.61584 0.661276 0.815599 0.76661 0.319036 0.441123 0.656162 0.41639 0.656162 0.462361 0.707996 0.191081 0.221487 0.475374 0.41639 0.640915 0.534012 
0.956478 0.558042 0.628469 0.875684 0.979682 0.429824 0.209412 0.864227 0.0524807 0.231317 0.179433 0.72962 0.510206 0.910201 0.172463 0.35354 0.388546 0.108614 0.388546 0.254803 0.172463 0.0609744 0.0442269 0.251779 0.248781 0.38059 0.338643 0.487118 0.306621 0.209412 
0.438375 0.796165 0.52908 0.633642 0.404759 0.697062 0.64927 0.429824 0.858509 0.142593 0.790555 0.500903 0.670347 0.0740403 0.746089 0.881422 0.396603 0.762673 0.813057 0.779368 0.52908 0.973879 0.869952 0.973879 0.818708 0.910201 0.904435 0.773791 0.567864 0.979682 
0.939449 0.416331 0.981819 0.643096 0.927369 0.849382 0.74394 0.963647 0.715394 0.291021 1 0.64855 0.681659 0.407673 0.761241 0.215643 0.704083 0.563724 0.563724 0.362003 0.215643 0.778662 0.301559 0.403384 0.386502 0.110663 0.0931947 0.224211 0.188793 0.4894 
0.3768 0.91315 0.0389488 0.570107 0.534898 0.267231 0.616936 0.743519 0.955013 0.330022 0.197056 0.812707 0.984997 0.760647 0.122171 0.368731 0.205006 0.559935 0.326301 0.0987326 0.145541 0.53986 0.20233 0.318942 0.554883 0.500821 0.500821 0.46793 0.749214 0.458757 
0.68405 0.835978 0.379868 0.85274 0.926053 0.737211 0.211524 0.353348 0.617248 0.847145 0.689301 0.133805 0.19628 0.271567 0.372168 0.909056 0.612229 0.627339 0.954454 0.548702 0.960142 0.977218 0.85274 0.372168 0.497621 0.926053 0.813744 0.587412 0.758849 0.506716 
0.670972 0.692841 0.958393 0.263596 0.359297 0.687349 0.210539 0.628075 1 0.591539 0.946521 0.982162 0.726124 0.928736 0.846352 0.596698 0.150319 0.681873 0.928736 0.276541 0.2188 0.483571 0.263596 0.3914 0.379162 0.66014 0.340099 0.612298 0.687349 0.408084 
0.971524 0.678814 0.428088 0.33514 0.342349 0.79166 0.847145 0.780679 0.920383 0.529832 0.259312 0.181857 0.780679 0.407577 4.99627e-14 3.54595e-16 3.54595e-16 1.95952e-16 2.79873e-16 1.61894e-15 1.36109e-15 6.02129e-16 9.60755e-16 1.4422e-15 4.23928e-14 8.06641e-16 5.6784e-16 5.04933e-16 7.17711e-16 2.96952e-16 
0.276626 0.0720414 0.306165 0.882965 0.0487008 0.130632 0.415043 0.125237 0.156115 0.240353 0.534493 0.474908 0.479359 0.607639 0.821043 0.733028 0.733028 0.962771 0.837838 0.997135 0.711513 0.985677 0.771179 0.865989 0.330536 0.793238 0.276626 0.765692 0.985677 0.809892 
0.459067 0.504722 0.602738 0.83165 0.877656 0.533222 0.83165 0.318788 0.607855 0.207362 0.477046 0.194458 0.86611 0.351865 0.184566 0.803177 0.15499 0.315242 0.582463 0.0701963 0.379041 0.212694 0.301321 0.249776 0.262045 0.115011 0.105222 0.229283 0.146656 0.336904 
0.504803 0.0221846 0.231026 0.672646 0.820445 0.165661 0.820445 0.0122906 0.836774 0.12021 0.698312 0.8477 0.373233 0.220328 0.607735 0.724327 0.627411 0.869637 0.682869 0.809601 0.941544 0.891676 0.777297 0.869637 0.880645 0.963793 0.804193 0.436161 0.487126 0.632373 
0.0480647 0.458803 0.339188 0.675662 0.868902 0.598981 0.636835 0.487207 0.779319 0.301819 0.791123 0.721111 0.551871 0.838793 0.201179 0.175427 0.217897 0.0671102 0.536583 0.28767 0.112904 0.511584 0.190566 0.492032 0.316424 0.367039 0.301819 0.0934647 0.206644 0.28767 
0.076429 0.811962 0.146437 0.432629 0.71988 0.0192888 0.23147 0.75739 0.901098 0.156564 0.790007 0.567552 0.901098 0.591852 0.350391 0.194975 0.107734 0.795481 0.242736 0.237056 0.311564 0.254382 0.332377 0.0196586 0.217916 0.194975 0.0788173 0.33951 0.199914 0.272571 
