  6.9084561e+001	  7.3608774e+001	  7.2625386e+001	  7.7115794e+001	  1.0195868e+002	  1.0182894e+002	  1.0580796e+002	  1.0736786e+002	  8.9766270e+001	  8.4707524e+001	  9.0909572e+001	  8.6798352e+001	  8.2771697e+001	  8.4541684e+001	  8.5879231e+001	  8.2060330e+001	  8.4506446e+001	  7.6721569e+001	  8.5485600e+001	  8.7119564e+001	
  1.4430031e+002	  1.3853669e+002	  1.3698682e+002	  1.2922336e+002	  9.0058505e+001	  8.9253696e+001	  8.2508450e+001	  8.4936959e+001	  1.1857124e+002	  1.1870357e+002	  1.2579056e+002	  1.2316753e+002	  7.1572539e+001	  7.5070177e+001	  7.9880176e+001	  7.4053331e+001	  1.1356320e+002	  1.1182764e+002	  1.1418515e+002	  1.1422186e+002	
  1.0193967e+002	  9.7881527e+001	  9.9903944e+001	  9.9275594e+001	  8.5227986e+001	  8.5849245e+001	  8.2333534e+001	  8.6984262e+001	  1.1361603e+002	  1.1460139e+002	  1.1487092e+002	  1.1037165e+002	  8.4549579e+001	  9.4522080e+001	  8.2166695e+001	  8.7481066e+001	  8.6827357e+001	  8.5233609e+001	  9.4873725e+001	  8.8389574e+001	
  1.1383864e+002	  1.1024973e+002	  1.0373855e+002	  1.0546769e+002	  8.6288432e+001	  9.2611423e+001	  8.5197342e+001	  8.4286582e+001	  1.2959566e+002	  1.2593201e+002	  1.2571229e+002	  1.2378054e+002	  1.1693363e+002	  1.1674671e+002	  1.1992806e+002	  1.1650278e+002	  1.4605823e+002	  1.5224829e+002	  1.5315442e+002	  1.5192528e+002	
  9.6338405e+001	  8.6108439e+001	  8.9630797e+001	  1.0042391e+002	  1.0679539e+002	  9.9386218e+001	  1.0419307e+002	  9.6655584e+001	  1.3906098e+002	  1.3197614e+002	  1.3597363e+002	  1.3667979e+002	  6.5565646e+001	  5.8196127e+001	  6.7946748e+001	  6.3601667e+001	  1.3665736e+002	  1.4044343e+002	  1.3384997e+002	  1.3339650e+002	
  1.2254620e+002	  1.2626526e+002	  1.2230006e+002	  1.2258285e+002	  1.5191198e+002	  1.4812884e+002	  1.5010420e+002	  1.4648698e+002	  1.7905069e+002	  1.7902273e+002	  1.8150827e+002	  1.7900573e+002	  1.1476936e+002	  1.1800215e+002	  1.1108640e+002	  1.2113328e+002	  1.6745786e+002	  1.6916386e+002	  1.7498743e+002	  1.7444064e+002	
  6.2318638e+001	  5.6295079e+001	  5.6610846e+001	  6.1121077e+001	  1.3853715e+002	  1.3209781e+002	  1.4146974e+002	  1.4058448e+002	  8.8546856e+001	  8.9183790e+001	  9.5698234e+001	  1.0447314e+002	  6.1946286e+001	  6.7343226e+001	  6.9667514e+001	  6.6045933e+001	  1.1738916e+002	  1.2450312e+002	  1.2048044e+002	  1.3048540e+002	
  1.1751586e+002	  1.1500868e+002	  1.2014114e+002	  1.1626466e+002	  9.2673026e+001	  9.1179612e+001	  8.7978780e+001	  9.2650784e+001	  8.6584235e+001	  8.1691801e+001	  7.4625564e+001	  7.6804305e+001	  1.5593862e+002	  1.4183459e+002	  1.3862821e+002	  1.4958462e+002	  7.5663970e+001	  7.2774045e+001	  7.9583961e+001	  7.2825924e+001	
  6.1049784e+001	  6.7628006e+001	  5.8743930e+001	  6.4922314e+001	  5.5275190e+001	  5.0741512e+001	  4.8795689e+001	  5.0044882e+001	  8.6793590e+001	  8.7132873e+001	  7.7544406e+001	  7.8657112e+001	  8.9763772e+001	  8.7393580e+001	  7.9969351e+001	  8.8284384e+001	  8.1612485e+001	  7.2182568e+001	  8.6286998e+001	  7.2157936e+001	
  1.2350487e+002	  1.2029172e+002	  1.2509579e+002	  1.1745587e+002	  1.0978848e+002	  1.1660000e+002	  1.0819271e+002	  1.0783664e+002	  1.2363269e+002	  1.1628713e+002	  1.1835813e+002	  1.1598295e+002	  1.1990853e+002	  1.2478052e+002	  1.1960147e+002	  1.2985555e+002	  1.3721779e+002	  1.3597993e+002	  1.3362018e+002	  1.2878592e+002	
  1.4545750e+002	  1.5254391e+002	  1.5178026e+002	  1.4388172e+002	  1.6795570e+002	  1.7144091e+002	  1.6725116e+002	  1.7050918e+002	  1.6273271e+002	  1.6240162e+002	  1.6507462e+002	  1.6041177e+002	  1.6251721e+002	  1.5966959e+002	  1.6517373e+002	  1.5727748e+002	  1.5907308e+002	  1.4943498e+002	  1.5338613e+002	  1.5333707e+002	
  1.2255957e+002	  1.2752148e+002	  1.2819934e+002	  1.2066878e+002	  1.2501289e+002	  1.1966957e+002	  1.2641923e+002	  1.2016170e+002	  1.8132634e+002	  1.8619711e+002	  1.7198053e+002	  1.7533640e+002	  1.4358353e+002	  1.4218356e+002	  1.3986759e+002	  1.3619292e+002	  1.6960230e+002	  1.6459479e+002	  1.8189821e+002	  1.7140744e+002	
  6.4752272e+001	  7.7329188e+001	  7.4715933e+001	  7.2211143e+001	  7.9083963e+001	  7.9375215e+001	  8.2444910e+001	  8.4012333e+001	  1.3516021e+002	  1.3241808e+002	  1.3867916e+002	  1.4608699e+002	  6.4847874e+001	  6.5272035e+001	  5.9506415e+001	  5.7838847e+001	  1.0438009e+002	  1.0791301e+002	  9.8774729e+001	  9.8484065e+001	
  1.0221690e+002	  1.1087559e+002	  9.9582074e+001	  1.0667432e+002	  1.4014867e+002	  1.4950621e+002	  1.4188953e+002	  1.3754055e+002	  1.7624587e+002	  1.7764464e+002	  1.7122346e+002	  1.6634083e+002	  1.3849307e+002	  1.2795608e+002	  1.2526826e+002	  1.3176562e+002	  1.6545076e+002	  1.7470500e+002	  1.7381341e+002	  1.6757056e+002	
  1.3512894e+002	  1.2833783e+002	  1.3096374e+002	  1.3230325e+002	  7.3775475e+001	  7.2666020e+001	  6.9290931e+001	  6.9350863e+001	  1.0698418e+002	  1.0490979e+002	  1.0444632e+002	  1.0210485e+002	  1.4492898e+002	  1.4281723e+002	  1.3911038e+002	  1.4390634e+002	  7.1609259e+001	  6.8445660e+001	  6.2260998e+001	  7.2947758e+001	
  1.3481916e+002	  1.3199444e+002	  1.3852980e+002	  1.3683435e+002	  1.7960118e+002	  1.8050437e+002	  1.8425921e+002	  1.8335435e+002	  1.6460834e+002	  1.6824404e+002	  1.6475547e+002	  1.6407927e+002	  1.6053722e+002	  1.6749254e+002	  1.5797698e+002	  1.6514929e+002	  1.8735429e+002	  1.8511468e+002	  1.8343578e+002	  1.8620943e+002	
  1.4872942e+002	  1.5536018e+002	  1.5246737e+002	  1.6220336e+002	  1.2619706e+002	  1.1764976e+002	  1.2797249e+002	  1.1482186e+002	  1.5307618e+002	  1.5057166e+002	  1.5915837e+002	  1.5898265e+002	  1.5642826e+002	  1.4930586e+002	  1.5399635e+002	  1.5050039e+002	  1.4893581e+002	  1.4726878e+002	  1.5132054e+002	  1.3667445e+002	
  8.8917991e+001	  9.7259016e+001	  9.5134508e+001	  9.9599593e+001	  1.0129950e+002	  1.0008452e+002	  9.6917458e+001	  9.9298138e+001	  1.1944989e+002	  1.1720049e+002	  1.2439393e+002	  1.2879460e+002	  9.3961701e+001	  9.5966716e+001	  9.6011239e+001	  9.3273876e+001	  1.1610487e+002	  1.2154841e+002	  1.1370428e+002	  1.2241439e+002	
  5.1766720e+001	  4.3901854e+001	  4.2647967e+001	  4.1605656e+001	  7.1554964e+001	  6.7634187e+001	  6.7780420e+001	  7.0898878e+001	  5.8720661e+001	  5.2963500e+001	  5.9989983e+001	  6.1598566e+001	  5.6863875e+001	  6.5004998e+001	  6.4023070e+001	  5.9755784e+001	  1.1028038e+002	  1.1057732e+002	  1.0397593e+002	  9.8086048e+001	
  1.0408095e+002	  1.0187385e+002	  1.0792874e+002	  1.0629241e+002	  6.2789764e+001	  6.7476161e+001	  5.4986160e+001	  6.0585045e+001	  8.5704233e+001	  9.7269975e+001	  9.0004860e+001	  9.2178546e+001	  9.3521245e+001	  9.2300424e+001	  1.0120587e+002	  9.5166910e+001	  1.0296126e+002	  1.0189150e+002	  1.0689673e+002	  1.0017757e+002	
  1.0859238e+002	  1.1070938e+002	  1.0693513e+002	  1.0929624e+002	  1.0458432e+002	  1.0062579e+002	  1.0191469e+002	  1.0539699e+002	  5.1639424e+001	  5.6358578e+001	  5.1790098e+001	  5.1403980e+001	  8.2935554e+001	  7.6559396e+001	  7.7104564e+001	  7.4584700e+001	  1.1558658e+002	  1.1891565e+002	  1.1435863e+002	  1.1660824e+002	
  5.3942772e+001	  5.1994140e+001	  5.7422904e+001	  6.0536075e+001	  7.9779563e+001	  6.2271898e+001	  7.5079815e+001	  7.6047566e+001	  9.4555178e+001	  9.9187123e+001	  9.0589314e+001	  9.9096359e+001	  6.0545232e+001	  5.9159507e+001	  6.3633039e+001	  6.1984936e+001	  1.6728267e+002	  1.6120001e+002	  1.5786429e+002	  1.6015472e+002	
  1.3993853e+002	  1.3321351e+002	  1.3582297e+002	  1.3218185e+002	  1.4953991e+002	  1.4933505e+002	  1.5253655e+002	  1.5263448e+002	  1.1814350e+002	  1.2769121e+002	  1.2502014e+002	  1.2055595e+002	  1.5237701e+002	  1.5875629e+002	  1.4410321e+002	  1.5122346e+002	  1.5077895e+002	  1.4265447e+002	  1.5270073e+002	  1.5574811e+002	
  4.5524517e+001	  4.6465980e+001	  5.4507273e+001	  4.6336167e+001	  1.1966286e+002	  1.2193892e+002	  1.2822689e+002	  1.2840193e+002	  1.1438624e+002	  1.0724739e+002	  1.2176423e+002	  1.1452118e+002	  6.1234959e+001	  6.4161775e+001	  6.5353494e+001	  6.4159609e+001	  9.8301019e+001	  9.8720515e+001	  9.9598920e+001	  1.0097005e+002	
  1.0649387e+002	  1.1365854e+002	  1.0576997e+002	  1.1019003e+002	  1.7022004e+002	  1.7169801e+002	  1.7362254e+002	  1.7427031e+002	  9.8152584e+001	  1.0602887e+002	  1.0188600e+002	  1.0647029e+002	  1.0562039e+002	  1.0376710e+002	  9.5764394e+001	  1.0090294e+002	  1.0668427e+002	  1.0307644e+002	  1.1185220e+002	  1.1039923e+002	
  7.4330993e+001	  6.4943535e+001	  7.1729912e+001	  7.8857533e+001	  3.2592435e+001	  2.5388878e+001	  3.0603511e+001	  3.4167372e+001	  1.3291646e+002	  1.2413684e+002	  1.2949718e+002	  1.2034036e+002	  8.8356606e+001	  8.7403165e+001	  8.0547839e+001	  8.7061275e+001	  1.2747070e+002	  1.3218494e+002	  1.3274908e+002	  1.2931862e+002	
  1.5951699e+002	  1.6236621e+002	  1.6535101e+002	  1.6059698e+002	  1.5070201e+002	  1.4981796e+002	  1.5020462e+002	  1.5253997e+002	  1.5667330e+002	  1.6424215e+002	  1.6155405e+002	  1.5383078e+002	  1.4403418e+002	  1.3921895e+002	  1.4360269e+002	  1.4699266e+002	  1.4817808e+002	  1.4883521e+002	  1.4490557e+002	  1.4721706e+002	
  8.8284689e+001	  8.3389808e+001	  8.6040367e+001	  7.7293690e+001	  5.4877914e+001	  5.0786576e+001	  5.2734019e+001	  5.6064569e+001	  8.9528825e+001	  9.3022790e+001	  9.3486577e+001	  8.6126850e+001	  9.8636607e+001	  9.4350859e+001	  9.7493521e+001	  1.0377200e+002	  8.5485463e+001	  9.1509789e+001	  8.8804089e+001	  7.7808813e+001	
  1.0423064e+002	  1.0690842e+002	  9.6980826e+001	  1.0712038e+002	  1.0074568e+002	  9.1511626e+001	  1.0182567e+002	  1.0522354e+002	  1.3875665e+002	  1.3144876e+002	  1.3994570e+002	  1.3733166e+002	  6.5292794e+001	  7.7206751e+001	  7.4970547e+001	  7.6468917e+001	  1.3143918e+002	  1.3490606e+002	  1.3423976e+002	  1.3185544e+002	
  7.1805547e+001	  7.9510572e+001	  7.7415861e+001	  7.4143297e+001	  9.6734957e+001	  1.0574008e+002	  9.7851737e+001	  1.0574569e+002	  5.5319898e+001	  5.0317751e+001	  4.6245425e+001	  4.7744771e+001	  7.5737866e+001	  8.5769194e+001	  7.4940214e+001	  8.2352685e+001	 -4.0124908e-001	 -1.1625849e+001	  3.3362396e+000	 -4.9682290e+000	
  1.3956810e+002	  1.3564371e+002	  1.4526580e+002	  1.3642290e+002	  1.3120525e+002	  1.2311385e+002	  1.2764244e+002	  1.2698350e+002	  1.5394244e+002	  1.5292001e+002	  1.5157640e+002	  1.5194234e+002	  1.0993090e+002	  1.1603309e+002	  9.8530578e+001	  1.1123136e+002	  1.6438830e+002	  1.6969385e+002	  1.6924468e+002	  1.6655750e+002	
  1.0075925e+002	  9.6065279e+001	  1.0054756e+002	  1.0417710e+002	  1.7090434e+002	  1.6896296e+002	  1.7632318e+002	  1.6053903e+002	  6.9381900e+001	  7.5271098e+001	  7.3771275e+001	  7.1445891e+001	  1.2031160e+002	  1.2542783e+002	  1.2759352e+002	  1.2547732e+002	  1.1992116e+002	  1.2438866e+002	  1.1748057e+002	  1.1808503e+002	
  9.3472522e+001	  8.7875894e+001	  9.2591059e+001	  1.0025051e+002	  1.4024614e+002	  1.3983986e+002	  1.3813854e+002	  1.4123988e+002	  1.0073589e+002	  1.0679905e+002	  1.0242527e+002	  1.0511442e+002	  1.4394715e+002	  1.3982532e+002	  1.3520145e+002	  1.3656918e+002	  1.5137026e+002	  1.3877968e+002	  1.4198032e+002	  1.4652498e+002	
  5.7275982e+001	  5.6190282e+001	  5.8554382e+001	  5.7026287e+001	  9.5019306e-001	 -5.2469261e+000	 -2.4250263e+000	 -3.5046641e+000	  5.5605961e+001	  5.7818560e+001	  6.2736557e+001	  5.3323111e+001	  3.6387449e+001	  3.8091792e+001	  4.5977423e+001	  3.8233444e+001	  7.3875601e+001	  8.0072956e+001	  7.7634963e+001	  8.0782816e+001	
  1.7726528e+002	  1.8276262e+002	  1.8014765e+002	  1.7955585e+002	  1.5328343e+002	  1.4872824e+002	  1.5672478e+002	  1.5196127e+002	  1.8616854e+002	  1.8383215e+002	  1.8792038e+002	  1.9100883e+002	  1.5048083e+002	  1.5640821e+002	  1.5427770e+002	  1.5536573e+002	  1.8287178e+002	  1.9258199e+002	  1.9149035e+002	  1.8366349e+002	
  1.2469234e+002	  1.1609369e+002	  1.1572786e+002	  1.2119403e+002	  1.6509002e+002	  1.6715428e+002	  1.6958567e+002	  1.6656296e+002	  1.7013269e+002	  1.6815879e+002	  1.6276525e+002	  1.6740579e+002	  1.5920223e+002	  1.6264152e+002	  1.5470079e+002	  1.6345729e+002	  1.8075058e+002	  1.7508315e+002	  1.7777452e+002	  1.7654097e+002	
  1.1297106e+002	  1.1275715e+002	  1.1707687e+002	  1.1325862e+002	  1.3771923e+002	  1.3069009e+002	  1.3602951e+002	  1.3552068e+002	  1.7639698e+002	  1.8467323e+002	  1.8757946e+002	  1.8347255e+002	  1.2838547e+002	  1.2756306e+002	  1.2908186e+002	  1.3193578e+002	  1.2641703e+002	  1.3609158e+002	  1.3711476e+002	  1.3379335e+002	
  7.0228246e+001	  7.7115126e+001	  7.3043498e+001	  7.9649687e+001	  1.3904495e+002	  1.3880484e+002	  1.3780690e+002	  1.4633934e+002	  1.0254267e+002	  1.0256616e+002	  1.0076488e+002	  1.0238095e+002	  1.3075864e+002	  1.3708536e+002	  1.3811618e+002	  1.3035911e+002	  1.2999884e+002	  1.3001682e+002	  1.2167793e+002	  1.2518304e+002	
  1.2539489e+002	  1.2645683e+002	  1.2459670e+002	  1.3073228e+002	  1.5253449e+002	  1.5717696e+002	  1.5881071e+002	  1.6319248e+002	  1.4313102e+002	  1.4508928e+002	  1.4162723e+002	  1.5363739e+002	  1.7744216e+002	  1.8425498e+002	  1.7952032e+002	  1.7750014e+002	  1.5501650e+002	  1.5132657e+002	  1.4982626e+002	  1.5423569e+002	
  6.1259392e+001	  6.5441788e+001	  5.9921337e+001	  7.0420360e+001	  7.7580906e+001	  7.1642785e+001	  7.5371349e+001	  7.1588016e+001	  6.0275318e+001	  6.2984729e+001	  6.1397644e+001	  6.4766400e+001	  4.1731404e+001	  5.0793111e+001	  4.6608416e+001	  4.8276983e+001	  6.4415967e+001	  7.2651493e+001	  6.8119048e+001	  6.3717858e+001	
  1.7253959e+002	  1.7121051e+002	  1.8185257e+002	  1.6794455e+002	  1.5999400e+002	  1.5339578e+002	  1.5353148e+002	  1.5553190e+002	  1.7437297e+002	  1.7171249e+002	  1.6734025e+002	  1.7486784e+002	  1.2906792e+002	  1.3785040e+002	  1.3037152e+002	  1.3707171e+002	  1.7914808e+002	  1.8060770e+002	  1.7965151e+002	  1.8136722e+002	
  1.2557418e+002	  1.2851256e+002	  1.2331850e+002	  1.2083066e+002	  1.1542363e+002	  1.1710072e+002	  1.1057651e+002	  1.0571499e+002	  9.4928937e+001	  1.0431413e+002	  9.5706199e+001	  9.5558940e+001	  1.2050842e+002	  1.1958615e+002	  1.2006624e+002	  1.1708570e+002	  1.1435599e+002	  1.2409422e+002	  1.2092586e+002	  1.1271027e+002	
  1.0592033e+002	  1.0666775e+002	  1.0665846e+002	  1.0524236e+002	  1.1759038e+002	  1.1781429e+002	  1.1464490e+002	  1.1229728e+002	  1.0730065e+002	  1.0923354e+002	  1.0810798e+002	  1.0669170e+002	  1.0823122e+002	  1.1460592e+002	  1.1305517e+002	  1.1543658e+002	  1.5725508e+002	  1.5252633e+002	  1.6080873e+002	  1.5649782e+002	
  1.4137267e+002	  1.4753082e+002	  1.4880776e+002	  1.3545496e+002	  1.7992912e+002	  1.7646972e+002	  1.8410731e+002	  1.8228669e+002	  1.6142982e+002	  1.6735629e+002	  1.5964681e+002	  1.5937936e+002	  1.1555790e+002	  1.0984506e+002	  1.1834878e+002	  1.1801401e+002	  1.5372689e+002	  1.5674139e+002	  1.4974685e+002	  1.6068234e+002	
  1.3934308e+002	  1.3749119e+002	  1.2794856e+002	  1.3838049e+002	  1.9680040e+002	  1.8263995e+002	  1.9896002e+002	  1.9376198e+002	  1.2932632e+002	  1.2339247e+002	  1.3059050e+002	  1.2780183e+002	  1.3968138e+002	  1.4441807e+002	  1.4220784e+002	  1.4839548e+002	  1.2223787e+002	  1.1641567e+002	  1.2085248e+002	  1.2218361e+002	
  1.5967918e+002	  1.4672233e+002	  1.6052203e+002	  1.5517996e+002	  1.9735364e+002	  1.9051109e+002	  1.9550378e+002	  1.9974546e+002	  1.3850741e+002	  1.3470243e+002	  1.4080917e+002	  1.3567716e+002	  1.2281398e+002	  1.2121320e+002	  1.2426316e+002	  1.2473986e+002	  1.5882473e+002	  1.5833855e+002	  1.6409946e+002	  1.6540899e+002	
  1.3665793e+002	  1.3134331e+002	  1.3255014e+002	  1.2834839e+002	  1.3651158e+002	  1.3753049e+002	  1.4288375e+002	  1.3321366e+002	  1.5654593e+002	  1.6011290e+002	  1.6449429e+002	  1.5463010e+002	  1.4568114e+002	  1.4412931e+002	  1.4322075e+002	  1.5108486e+002	  1.8403967e+002	  1.8300750e+002	  1.8278154e+002	  1.7926564e+002	
  9.3597431e+001	  9.2018871e+001	  1.0248854e+002	  9.1809863e+001	  9.1848924e+001	  9.7791699e+001	  8.8726828e+001	  1.0070229e+002	  1.1611270e+002	  1.0819938e+002	  1.1592976e+002	  1.1489396e+002	  4.2110816e+001	  3.3805811e+001	  4.4795306e+001	  3.9908656e+001	  8.7177632e+001	  8.6343166e+001	  8.3805926e+001	  8.6522341e+001	
  1.1632678e+001	  1.3324778e+001	  4.5660849e+000	  1.1698484e+001	  1.0167999e+002	  1.0119835e+002	  1.0089308e+002	  1.0365636e+002	  4.1174804e+001	  5.2367048e+001	  5.2659229e+001	  4.1142745e+001	  6.6927885e+001	  6.8637994e+001	  6.7912909e+001	  6.8133206e+001	  6.5238487e+001	  5.6760981e+001	  6.4752759e+001	  6.0965780e+001	
  1.1000315e+002	  1.1317361e+002	  1.1057834e+002	  1.1711437e+002	  1.1635538e+002	  1.1116071e+002	  1.1395043e+002	  1.1381455e+002	  1.1742468e+002	  1.2595811e+002	  1.1613997e+002	  1.1893610e+002	  8.1502007e+001	  8.6998332e+001	  8.2491989e+001	  8.3121444e+001	  1.2155680e+002	  1.1530732e+002	  1.2655290e+002	  1.2906070e+002	
  1.1496803e+002	  1.1860332e+002	  1.1884864e+002	  1.1569027e+002	  1.4769312e+002	  1.4843864e+002	  1.4977311e+002	  1.4305361e+002	  1.7017137e+002	  1.7125713e+002	  1.8161045e+002	  1.7540681e+002	  1.7897767e+002	  1.8074384e+002	  1.7913654e+002	  1.7971306e+002	  1.4907102e+002	  1.5704403e+002	  1.5523592e+002	  1.5019826e+002	
  8.8403031e+001	  8.0663915e+001	  8.7655940e+001	  9.1010128e+001	  9.3006587e+001	  9.5157835e+001	  9.8495085e+001	  9.3239980e+001	  8.4366590e+001	  8.8440420e+001	  8.5283781e+001	  9.0230521e+001	  5.1107596e+001	  5.4330236e+001	  5.4910852e+001	  5.6569283e+001	  6.8705966e+001	  7.5192251e+001	  5.8305099e+001	  6.1649491e+001	
  1.3530634e+002	  1.3793205e+002	  1.4096003e+002	  1.3805693e+002	  1.4929269e+002	  1.5899376e+002	  1.5612149e+002	  1.5878878e+002	  1.7496264e+002	  1.8073111e+002	  1.6995655e+002	  1.7774303e+002	  1.6531787e+002	  1.5733034e+002	  1.6055779e+002	  1.6592531e+002	  1.7608061e+002	  1.8182216e+002	  1.7809547e+002	  1.7789223e+002	
  7.7524537e+001	  7.4510440e+001	  7.5374616e+001	  7.8266461e+001	  1.1123092e+002	  1.0568512e+002	  9.9369066e+001	  1.1029993e+002	  1.0510771e+002	  1.0783580e+002	  1.0581483e+002	  1.0580986e+002	  1.2672615e+002	  1.2616522e+002	  1.2088780e+002	  1.1997659e+002	  5.4709022e+001	  6.7087242e+001	  5.9708813e+001	  5.6860431e+001	
  1.0649727e+002	  1.1524875e+002	  1.1997860e+002	  1.1094159e+002	  1.4141832e+002	  1.4949599e+002	  1.4699257e+002	  1.4432055e+002	  1.4544235e+002	  1.4713938e+002	  1.4405313e+002	  1.4596732e+002	  1.4135224e+002	  1.4373012e+002	  1.5012988e+002	  1.5282274e+002	  1.6794900e+002	  1.7300629e+002	  1.7935664e+002	  1.7488524e+002	
  6.4344983e+001	  6.8032422e+001	  6.8702609e+001	  7.2495187e+001	  1.4805169e+002	  1.4790237e+002	  1.5484325e+002	  1.4623157e+002	  1.3183412e+002	  1.2335486e+002	  1.1714254e+002	  1.2429447e+002	  1.1362482e+002	  1.0581429e+002	  1.0422694e+002	  1.0655723e+002	  1.9689547e+002	  1.9841751e+002	  1.9998554e+002	  1.9373032e+002	
  5.5680852e+001	  6.1384476e+001	  6.8272801e+001	  6.1125622e+001	  6.1610241e+001	  5.6759213e+001	  6.2132877e+001	  5.4940499e+001	  7.3847858e+001	  7.0739298e+001	  6.9042481e+001	  7.6731145e+001	  1.1354705e+002	  1.1642549e+002	  1.1470300e+002	  1.1689622e+002	  7.7589493e+001	  8.8033505e+001	  8.4720447e+001	  8.6697361e+001	
  8.6665523e+001	  8.3941415e+001	  9.1373134e+001	  8.5050603e+001	  1.3432540e+002	  1.4096260e+002	  1.4162379e+002	  1.3585753e+002	  9.3126221e+001	  8.9006840e+001	  8.4567089e+001	  9.6396733e+001	  6.8440628e+001	  5.6330056e+001	  5.8452197e+001	  6.0916657e+001	  6.1468106e+001	  5.6914399e+001	  6.2937865e+001	  6.3745828e+001	
  1.0954116e+002	  1.0532824e+002	  1.0504528e+002	  1.1052541e+002	  7.3403160e+001	  6.6242923e+001	  6.9105558e+001	  7.0267389e+001	  1.2532542e+002	  1.3528551e+002	  1.2502928e+002	  1.3179773e+002	  8.8882532e+001	  8.3009865e+001	  8.0537843e+001	  8.5358663e+001	  1.1603196e+002	  1.1034167e+002	  1.1236645e+002	  1.1516938e+002	
  9.8694333e+001	  1.0304462e+002	  9.6476383e+001	  9.4359219e+001	  1.5241280e+002	  1.4999006e+002	  1.5139686e+002	  1.4997090e+002	  1.5263390e+002	  1.5143570e+002	  1.5010128e+002	  1.4783644e+002	  1.3357598e+002	  1.3287281e+002	  1.3143841e+002	  1.3763649e+002	  1.3311215e+002	  1.3937202e+002	  1.3212487e+002	  1.4233580e+002	
  1.3129120e+002	  1.3374562e+002	  1.2970456e+002	  1.2236798e+002	  1.1434187e+002	  1.1493013e+002	  1.1414675e+002	  1.0864166e+002	  1.4529211e+002	  1.4604353e+002	  1.4335558e+002	  1.4080441e+002	  7.5452388e+001	  7.6108918e+001	  7.8485412e+001	  7.8097170e+001	  8.2579125e+001	  8.2994279e+001	  8.7477544e+001	  8.4100044e+001	
  6.1878844e+001	  6.7872163e+001	  6.6609667e+001	  6.3821781e+001	  1.3488898e+002	  1.4029112e+002	  1.3510711e+002	  1.3486578e+002	  1.0539669e+002	  1.0146018e+002	  1.0529815e+002	  1.0205157e+002	  1.0644335e+002	  9.9890376e+001	  1.0496969e+002	  1.0566873e+002	  1.1914631e+002	  1.1623387e+002	  1.1689105e+002	  1.1122615e+002	
  1.4426771e+002	  1.3401899e+002	  1.3732197e+002	  1.3298523e+002	  1.7583940e+002	  1.7281201e+002	  1.7016713e+002	  1.7321194e+002	  1.4684083e+002	  1.5390427e+002	  1.4097854e+002	  1.5836322e+002	  1.3631570e+002	  1.4393819e+002	  1.3552995e+002	  1.3471245e+002	  1.2453457e+002	  1.2305440e+002	  1.2293821e+002	  1.3360954e+002	
  5.9384533e+001	  5.4178861e+001	  5.5975118e+001	  5.2383148e+001	  4.3924902e+001	  3.6353332e+001	  4.5129322e+001	  4.6693006e+001	  6.0916767e+001	  5.8444473e+001	  5.9758179e+001	  5.7343158e+001	  8.1869168e+001	  7.3103988e+001	  8.5765897e+001	  8.2938653e+001	  4.6202373e+001	  4.3021807e+001	  4.8123471e+001	  4.8664669e+001	
  6.0330238e+001	  6.3687192e+001	  5.3629608e+001	  6.2119145e+001	  7.7321649e+001	  7.7442713e+001	  7.4547952e+001	  7.6354991e+001	  7.1413964e+001	  7.1560242e+001	  7.5236962e+001	  6.7404318e+001	  1.0850489e+002	  1.1199906e+002	  1.0602550e+002	  1.0840940e+002	  7.3196248e+001	  7.4404352e+001	  7.1391816e+001	  7.5720284e+001	
  1.1397902e+002	  1.1350425e+002	  1.1694063e+002	  1.2545168e+002	  1.4793014e+002	  1.4132184e+002	  1.4389531e+002	  1.4975398e+002	  1.5199930e+002	  1.5632860e+002	  1.5118764e+002	  1.5242291e+002	  1.3947672e+002	  1.4390496e+002	  1.4625002e+002	  1.4890897e+002	  1.5649017e+002	  1.6088512e+002	  1.5528124e+002	  1.5754695e+002	
  6.1204728e+001	  6.5470117e+001	  6.0617259e+001	  6.4315002e+001	  1.3872932e+002	  1.4271388e+002	  1.3859044e+002	  1.3881940e+002	  1.0511836e+002	  1.0987242e+002	  1.1341321e+002	  1.0886520e+002	  7.4246316e+001	  8.1504829e+001	  8.1958797e+001	  7.9151111e+001	  1.0697707e+002	  1.0908584e+002	  1.0269824e+002	  1.1241655e+002	
  5.0917869e+001	  5.2537270e+001	  4.5471317e+001	  5.0251179e+001	  7.9511531e+001	  8.9958900e+001	  8.7737163e+001	  8.6172634e+001	  7.5278781e+001	  8.4758479e+001	  7.9151588e+001	  8.3567253e+001	  9.2531340e+001	  9.9764522e+001	  9.4477921e+001	  9.6145012e+001	  1.2182872e+002	  1.2659460e+002	  1.2537074e+002	  1.2656157e+002	
  8.4163449e+001	  8.5274542e+001	  7.9103736e+001	  7.9939312e+001	  1.0760110e+002	  1.0041758e+002	  1.0391036e+002	  1.1172791e+002	  6.6074399e+001	  6.3523808e+001	  6.6299302e+001	  5.5907461e+001	  1.0401456e+002	  8.8634538e+001	  9.8105522e+001	  1.0146471e+002	  1.3305842e+002	  1.3489298e+002	  1.2531799e+002	  1.3359417e+002	
  8.8730268e+001	  9.3286699e+001	  9.8006718e+001	  1.0292038e+002	  8.3489724e+001	  8.4285185e+001	  8.3715847e+001	  8.4229582e+001	  6.8132383e+001	  6.6906966e+001	  5.8830804e+001	  6.5241266e+001	  1.1808166e+002	  1.1968841e+002	  1.2316246e+002	  1.2055689e+002	  1.0767495e+002	  1.0865857e+002	  1.0711533e+002	  1.1616978e+002	
  7.8511986e+001	  8.8241804e+001	  8.6744859e+001	  8.0281606e+001	  1.0703998e+002	  1.0537228e+002	  9.4163265e+001	  1.0163178e+002	  8.8622979e+001	  8.7560501e+001	  8.7840059e+001	  8.6251469e+001	  8.7071989e+001	  8.5683127e+001	  8.2738383e+001	  8.6878036e+001	  8.7744658e+001	  9.1407358e+001	  8.3418469e+001	  8.8160122e+001	
  1.4842154e+001	  1.9527879e+001	  1.6521763e+001	  1.3978914e+001	  1.2020607e+002	  1.1967555e+002	  1.2165334e+002	  1.2506923e+002	  3.5253523e+001	  2.6871517e+001	  2.7510973e+001	  2.9040429e+001	  4.5081146e+001	  4.4413618e+001	  4.1158758e+001	  3.5326757e+001	  1.1449709e+002	  1.1820515e+002	  1.1302819e+002	  1.1268099e+002	
  7.9085084e+001	  7.7857656e+001	  8.0171429e+001	  7.8473897e+001	  1.0223072e+002	  1.1624994e+002	  1.1221038e+002	  1.0977544e+002	  1.0570608e+002	  1.0257955e+002	  9.8390126e+001	  1.0094615e+002	  6.8505610e+001	  7.9092617e+001	  7.1917390e+001	  8.1247175e+001	  8.4525766e+001	  8.3542721e+001	  7.7448310e+001	  7.5887253e+001	
  9.2637594e+001	  8.8633898e+001	  9.0445838e+001	  8.8424647e+001	  1.4191733e+002	  1.4219017e+002	  1.4478828e+002	  1.4281945e+002	  1.5464722e+002	  1.7075680e+002	  1.7162307e+002	  1.6256178e+002	  1.2778726e+002	  1.3296754e+002	  1.2724931e+002	  1.3107410e+002	  1.5189893e+002	  1.5145030e+002	  1.5557884e+002	  1.6049622e+002	
  1.0489808e+002	  9.3840119e+001	  9.4465762e+001	  9.5655506e+001	  9.4091628e+001	  9.5813415e+001	  9.1671475e+001	  1.0165149e+002	  1.2027379e+002	  1.3274227e+002	  1.2348658e+002	  1.3395264e+002	  1.0193563e+002	  1.0313821e+002	  1.1143693e+002	  1.0708974e+002	  1.6984124e+002	  1.7342270e+002	  1.7841243e+002	  1.7040234e+002	
  1.2590087e+002	  1.2820020e+002	  1.2252378e+002	  1.2817292e+002	  8.3681391e+001	  8.8912246e+001	  9.0287862e+001	  9.6462056e+001	  8.7624070e+001	  9.2459250e+001	  9.2971230e+001	  9.1939504e+001	  1.2585499e+002	  1.2096512e+002	  1.2495680e+002	  1.2648437e+002	  3.5686987e+001	  4.0400645e+001	  3.6919608e+001	  3.7462647e+001	
  6.9038250e+001	  6.3951141e+001	  5.8441012e+001	  7.1596990e+001	  1.1477488e+002	  1.0415130e+002	  1.1360080e+002	  1.1115733e+002	  8.6093647e+001	  9.8558254e+001	  8.7692729e+001	  1.0006973e+002	  9.7713243e+001	  1.0366833e+002	  9.9246502e+001	  9.4173821e+001	  1.0302289e+002	  1.0736195e+002	  1.0703368e+002	  1.0954511e+002	
  8.6825388e+001	  9.0136228e+001	  9.1073398e+001	  8.8710232e+001	  1.1573642e+002	  1.1709507e+002	  1.1955189e+002	  1.1860306e+002	  1.1046580e+002	  1.0933333e+002	  1.0443647e+002	  1.1139809e+002	  1.0018623e+002	  1.0015337e+002	  9.6989570e+001	  9.5903378e+001	  1.1154748e+002	  1.1409267e+002	  1.1730789e+002	  1.2200934e+002	
  9.2266250e+001	  9.0332782e+001	  9.0614986e+001	  8.7103826e+001	  1.7276119e+002	  1.6545420e+002	  1.6407256e+002	  1.7002124e+002	  1.4857200e+002	  1.3798219e+002	  1.4581016e+002	  1.4626649e+002	  1.4502115e+002	  1.3882473e+002	  1.4135643e+002	  1.3049516e+002	  1.3722040e+002	  1.3718760e+002	  1.2414898e+002	  1.3431003e+002	
  1.0405924e+002	  9.8148767e+001	  9.8518486e+001	  9.9612515e+001	  1.3191182e+002	  1.2990001e+002	  1.2768044e+002	  1.3500548e+002	  1.7737507e+002	  1.7059705e+002	  1.7848418e+002	  1.7072905e+002	  1.5707248e+002	  1.5935236e+002	  1.5248943e+002	  1.5307943e+002	  1.4652515e+002	  1.4758972e+002	  1.4314577e+002	  1.4303394e+002	
  9.8297964e+001	  9.3335290e+001	  9.8429468e+001	  9.4530574e+001	  1.1774505e+002	  1.1120443e+002	  1.1250230e+002	  1.1351166e+002	  1.0237405e+002	  1.0371323e+002	  9.9614119e+001	  1.0182398e+002	  9.4707077e+001	  9.4695079e+001	  9.1078513e+001	  9.0017100e+001	  7.5364917e+001	  8.6312154e+001	  8.7498683e+001	  7.9488411e+001	
  1.0796734e+002	  1.0963194e+002	  1.0759755e+002	  1.1066748e+002	  9.6156497e+001	  1.0542678e+002	  1.0409609e+002	  1.0302014e+002	  1.4207151e+002	  1.4368784e+002	  1.4634559e+002	  1.4889683e+002	  1.4252715e+002	  1.4475139e+002	  1.4477779e+002	  1.4297598e+002	  1.1784703e+002	  1.2755544e+002	  1.2212173e+002	  1.2968232e+002	
  8.5402680e+001	  9.2582390e+001	  8.8346714e+001	  8.8013049e+001	  5.4466760e+001	  4.8387791e+001	  4.6321334e+001	  4.3274611e+001	  5.6189810e+001	  5.7240433e+001	  6.2618155e+001	  5.7511052e+001	  6.1537575e+001	  6.4838723e+001	  6.7675451e+001	  6.7363656e+001	  1.7663024e+001	  1.2418975e+001	  1.4650121e+001	  1.3055682e+001	
  1.4825647e+002	  1.4913546e+002	  1.5145926e+002	  1.5134536e+002	  9.8385511e+001	  1.0380856e+002	  1.0044547e+002	  1.0493452e+002	  1.9476150e+002	  1.9499780e+002	  1.8690863e+002	  1.9337364e+002	  1.2953481e+002	  1.3807772e+002	  1.2695803e+002	  1.3353941e+002	  1.4717151e+002	  1.4567493e+002	  1.4683888e+002	  1.4870549e+002	
  7.3815079e+001	  7.0521182e+001	  7.7396261e+001	  6.9635438e+001	  1.1850825e+002	  1.1327426e+002	  1.1910254e+002	  1.1109947e+002	  7.4970626e+001	  7.2121704e+001	  7.8812193e+001	  7.5311532e+001	  8.9716012e+001	  9.2788868e+001	  9.1198739e+001	  9.6009288e+001	  6.4781619e+001	  7.3249725e+001	  7.7213686e+001	  7.2405419e+001	
  1.6347956e+002	  1.7418780e+002	  1.6470719e+002	  1.6478594e+002	  1.6750851e+002	  1.7759155e+002	  1.7284228e+002	  1.7074840e+002	  1.8166160e+002	  1.8573644e+002	  1.8169885e+002	  1.8614865e+002	  1.9236984e+002	  1.8934812e+002	  1.8478101e+002	  1.8798244e+002	  1.3400278e+002	  1.4706162e+002	  1.3342573e+002	  1.4173239e+002	
  6.0602349e+001	  6.7858344e+001	  6.4053210e+001	  6.4414458e+001	  4.1384012e+001	  4.0080047e+001	  3.4243403e+001	  4.5189741e+001	  1.0921644e+002	  1.0037566e+002	  1.0167517e+002	  1.0295923e+002	  5.8572325e+001	  5.8612590e+001	  6.0267844e+001	  5.4520888e+001	  1.1107769e+002	  1.0087901e+002	  1.0817241e+002	  1.0880109e+002	
  8.4879183e+001	  9.5238592e+001	  8.4668829e+001	  9.4738377e+001	  1.2711362e+002	  1.2417224e+002	  1.2837275e+002	  1.2233417e+002	  1.3688794e+002	  1.3222437e+002	  1.2937069e+002	  1.2416336e+002	  8.5711514e+001	  8.3684002e+001	  8.2367490e+001	  8.3360981e+001	  1.3907309e+002	  1.4552644e+002	  1.3749030e+002	  1.3937202e+002	
  4.1922814e+001	  4.6859272e+001	  3.8989363e+001	  4.5036874e+001	  7.1050315e+001	  7.4198662e+001	  6.7049581e+001	  7.0472453e+001	  3.4094406e+001	  3.0452454e+001	  3.2974803e+001	  3.1010079e+001	  3.5943178e+001	  3.5568298e+001	  3.1002173e+001	  2.8031057e+001	  7.6226251e+001	  8.4686285e+001	  7.6040435e+001	  7.7915950e+001	
  1.4418622e+002	  1.3914735e+002	  1.4793951e+002	  1.5296490e+002	  1.0713745e+002	  1.0633626e+002	  1.1302892e+002	  1.0870071e+002	  1.1884053e+002	  1.1674430e+002	  1.2006681e+002	  1.1585314e+002	  1.4379452e+002	  1.4182703e+002	  1.4187551e+002	  1.3378739e+002	  1.6772750e+002	  1.6944662e+002	  1.7339948e+002	  1.7356103e+002	
  9.7759378e+001	  1.0058861e+002	  9.6368294e+001	  1.0377075e+002	  1.0751937e+002	  1.0862260e+002	  1.1523172e+002	  1.1173404e+002	  8.7079231e+001	  8.0940736e+001	  8.0942877e+001	  8.5525331e+001	  1.0914121e+002	  1.0588586e+002	  1.0952361e+002	  1.0543771e+002	  6.6658232e+001	  6.7532957e+001	  6.5649909e+001	  6.0574957e+001	
  1.3566097e+002	  1.3092512e+002	  1.3366411e+002	  1.3615814e+002	  2.2803891e+002	  2.3636665e+002	  2.2930117e+002	  2.2946298e+002	  1.6551414e+002	  1.5892972e+002	  1.6417254e+002	  1.7488812e+002	  1.5024453e+002	  1.5057942e+002	  1.5784235e+002	  1.5278568e+002	  2.1758742e+002	  2.2051018e+002	  2.2204381e+002	  2.2079222e+002	
  9.1086289e+001	  9.0571976e+001	  9.9127457e+001	  9.2170321e+001	  1.1646778e+002	  1.1376475e+002	  1.1287331e+002	  1.2044584e+002	  1.4915639e+002	  1.4878370e+002	  1.4437580e+002	  1.5474791e+002	  7.4024202e+001	  7.3769511e+001	  7.9491215e+001	  6.9314280e+001	  1.8279412e+002	  1.8137789e+002	  1.8084316e+002	  1.7531380e+002	
  9.2069294e+001	  9.0418428e+001	  9.3942766e+001	  9.1883212e+001	  1.1411848e+002	  1.1727957e+002	  1.1566756e+002	  1.1673934e+002	  7.7083244e+001	  7.8089636e+001	  8.0752064e+001	  8.0443570e+001	  6.2510508e+001	  5.9286162e+001	  6.0976839e+001	  5.8143763e+001	  8.8329059e+001	  9.3348361e+001	  8.8651809e+001	  8.9960998e+001	
  1.1055100e+002	  1.1480261e+002	  1.2000991e+002	  1.1592270e+002	  1.6441468e+002	  1.6650322e+002	  1.6236920e+002	  1.6470813e+002	  1.2890207e+002	  1.2982357e+002	  1.3024840e+002	  1.2683186e+002	  1.3600475e+002	  1.2479680e+002	  1.3670277e+002	  1.4143119e+002	  1.3016355e+002	  1.3201221e+002	  1.3272968e+002	  1.3204502e+002	
  1.5314523e+002	  1.6438000e+002	  1.5866175e+002	  1.6040252e+002	  1.7324464e+002	  1.6849860e+002	  1.7031769e+002	  1.6553438e+002	  1.7610471e+002	  1.7296913e+002	  1.7244099e+002	  1.7123619e+002	  2.1382326e+002	  2.1646682e+002	  2.1343680e+002	  2.1255543e+002	  1.8815746e+002	  1.8824767e+002	  1.8056809e+002	  1.8369816e+002	
  1.6216448e+002	  1.5757207e+002	  1.5767406e+002	  1.5179781e+002	  1.0524726e+002	  1.1092751e+002	  1.0925662e+002	  1.0239030e+002	  1.8485921e+002	  1.8760182e+002	  1.8745470e+002	  1.8716814e+002	  1.5310901e+002	  1.5588032e+002	  1.4789642e+002	  1.6177539e+002	  1.5832878e+002	  1.6261549e+002	  1.5479668e+002	  1.5900428e+002	
  5.0532853e+001	  5.0961779e+001	  5.4087336e+001	  4.7755966e+001	  1.3735241e+002	  1.3782364e+002	  1.3366914e+002	  1.2907568e+002	  5.4026621e+001	  5.3647740e+001	  5.6499242e+001	  5.7681618e+001	  6.0212440e+001	  5.9400438e+001	  5.9991481e+001	  5.9455625e+001	  7.5983593e+001	  8.7180279e+001	  8.2101704e+001	  8.3816149e+001	
  4.1348751e+001	  5.0681274e+001	  5.1275922e+001	  5.2957716e+001	  7.0999759e+001	  6.7099376e+001	  7.7448123e+001	  7.4622357e+001	  8.8511961e+001	  8.2874003e+001	  9.0465986e+001	  8.6209500e+001	  8.4655901e+001	  9.1464016e+001	  9.6779833e+001	  8.5497941e+001	  5.7537738e+001	  6.8604745e+001	  6.3309735e+001	  5.8612290e+001	
  8.5650113e+001	  8.5720711e+001	  7.7947527e+001	  8.5720084e+001	  1.4504584e+002	  1.4158191e+002	  1.4563584e+002	  1.4148832e+002	  1.4742194e+002	  1.4868430e+002	  1.4637236e+002	  1.3857289e+002	  7.7984480e+001	  8.3618674e+001	  8.0655531e+001	  8.7586770e+001	  1.2575955e+002	  1.3706988e+002	  1.2843017e+002	  1.3559149e+002	
  4.0219900e+001	  4.1982882e+001	  5.0498226e+001	  4.5628176e+001	  1.2317905e+002	  1.2456644e+002	  1.1909277e+002	  1.2078009e+002	  6.8510487e+001	  7.8460177e+001	  7.5808669e+001	  7.2231175e+001	  6.6736912e+001	  8.1321085e+001	  7.3609422e+001	  7.7956926e+001	  1.0128873e+002	  9.1922753e+001	  9.5878882e+001	  1.0011924e+002	
  1.0538446e+002	  1.0778557e+002	  1.1153904e+002	  1.0251590e+002	  1.1253639e+002	  1.1616451e+002	  1.1612252e+002	  1.1290268e+002	  1.2571603e+002	  1.2119159e+002	  1.2373097e+002	  1.2237257e+002	  1.3419027e+002	  1.4096241e+002	  1.3900951e+002	  1.4584146e+002	  6.1288533e+001	  6.3781283e+001	  5.3785359e+001	  5.8565385e+001	
  1.4715729e+002	  1.3974437e+002	  1.3933543e+002	  1.4304259e+002	  1.5345787e+002	  1.5026306e+002	  1.5155381e+002	  1.5775984e+002	  1.5213201e+002	  1.5410148e+002	  1.4499835e+002	  1.5637325e+002	  1.3180487e+002	  1.3919678e+002	  1.3180212e+002	  1.3597499e+002	  1.1503030e+002	  1.1539760e+002	  1.1443923e+002	  1.1644949e+002	
  1.4801135e+002	  1.4687040e+002	  1.4834968e+002	  1.5853742e+002	  1.0277440e+002	  9.6561273e+001	  1.0749190e+002	  1.0570336e+002	  1.8740645e+002	  1.8614273e+002	  1.7768064e+002	  1.8114948e+002	  1.4271488e+002	  1.4476290e+002	  1.4581755e+002	  1.5164043e+002	  1.8076802e+002	  1.8570414e+002	  1.8440642e+002	  1.7806047e+002	
  1.3193477e+002	  1.3485963e+002	  1.2900841e+002	  1.3144620e+002	  1.4685858e+002	  1.4696397e+002	  1.4867510e+002	  1.4505740e+002	  1.5631854e+002	  1.5122569e+002	  1.5528722e+002	  1.4912134e+002	  1.2712198e+002	  1.3329114e+002	  1.4313974e+002	  1.3393558e+002	  1.2530420e+002	  1.2660970e+002	  1.2383946e+002	  1.2732847e+002	
  7.2060487e+001	  7.3873263e+001	  7.8057519e+001	  8.3301447e+001	  1.2882335e+002	  1.2997212e+002	  1.3014829e+002	  1.3130903e+002	  8.0103680e+001	  7.8807561e+001	  8.1381891e+001	  7.3211203e+001	  9.2728263e+001	  9.6219501e+001	  9.4121426e+001	  9.1380637e+001	  1.0590376e+002	  1.0556600e+002	  1.1329877e+002	  1.1275209e+002	
  1.2991104e+002	  1.2860124e+002	  1.2675772e+002	  1.2563843e+002	  1.5741004e+002	  1.5949621e+002	  1.5035798e+002	  1.5458717e+002	  1.5044467e+002	  1.4652242e+002	  1.4584149e+002	  1.4690109e+002	  1.5248244e+002	  1.6190670e+002	  1.6725294e+002	  1.4703135e+002	  1.5569306e+002	  1.5975145e+002	  1.5350074e+002	  1.5705686e+002	
  1.1892101e+002	  1.2057095e+002	  1.1214140e+002	  1.2010305e+002	  1.6084449e+002	  1.5075600e+002	  1.6941468e+002	  1.5780551e+002	  9.5004530e+001	  9.6939726e+001	  1.0466373e+002	  1.0596512e+002	  1.0211674e+002	  1.0868937e+002	  1.1439992e+002	  1.1250694e+002	  1.0529969e+002	  1.0479949e+002	  9.7317967e+001	  1.0550606e+002	
  7.7001334e+001	  6.9083418e+001	  7.6436429e+001	  6.5924369e+001	  1.1496658e+002	  1.1442763e+002	  1.2145404e+002	  1.1653914e+002	  7.1493680e+001	  7.3914943e+001	  7.3600423e+001	  7.5393846e+001	  1.2293022e+002	  1.1616263e+002	  1.1562440e+002	  1.0889975e+002	  1.3428293e+002	  1.3542573e+002	  1.3472689e+002	  1.3801873e+002	
  2.1524750e+002	  2.1957040e+002	  2.1192572e+002	  2.2479173e+002	  1.4216422e+002	  1.4101375e+002	  1.3943101e+002	  1.4339549e+002	  2.0468521e+002	  1.9726718e+002	  2.0373109e+002	  2.0861018e+002	  1.9335296e+002	  1.9091092e+002	  1.9047827e+002	  1.9448091e+002	  1.8802612e+002	  1.9525030e+002	  1.8650382e+002	  1.9287639e+002	
  7.7120046e+001	  8.0469494e+001	  7.4917901e+001	  6.6689246e+001	  5.6476423e+001	  4.9206091e+001	  5.6958908e+001	  5.4214606e+001	  1.0073949e+002	  9.7696215e+001	  1.0241076e+002	  9.6547947e+001	  8.3508679e+001	  8.2995466e+001	  8.3579423e+001	  8.6849249e+001	  1.1530348e+002	  1.0752648e+002	  1.1212047e+002	  1.1886517e+002	
  5.3093050e+001	  5.7827622e+001	  5.2290427e+001	  5.7577263e+001	  7.7670160e+001	  7.9579751e+001	  8.0303392e+001	  8.2409654e+001	  1.0843876e+002	  8.5713667e+001	  1.0007498e+002	  9.7820218e+001	  4.5092639e+001	  4.7494447e+001	  5.2529523e+001	  4.9363258e+001	  9.5258991e+001	  9.2434780e+001	  9.9880208e+001	  1.0549736e+002	
  1.2363012e+002	  1.2556030e+002	  1.3324926e+002	  1.2874322e+002	  1.4498874e+002	  1.4101513e+002	  1.5296935e+002	  1.4052928e+002	  1.2452450e+002	  1.3114291e+002	  1.3044614e+002	  1.3011864e+002	  1.6593698e+002	  1.5940233e+002	  1.5891251e+002	  1.5837779e+002	  1.5441879e+002	  1.6681139e+002	  1.6555210e+002	  1.5298342e+002	
  1.7159429e+002	  1.6243113e+002	  1.6270687e+002	  1.6645001e+002	  1.8586206e+002	  1.8402122e+002	  1.7900241e+002	  1.8364295e+002	  1.4264176e+002	  1.4572162e+002	  1.3830938e+002	  1.4123518e+002	  1.6280243e+002	  1.5966242e+002	  1.5729419e+002	  1.6238809e+002	  1.2350009e+002	  1.2524385e+002	  1.2804478e+002	  1.2427897e+002	
  9.2320682e+001	  9.9775928e+001	  9.3458329e+001	  1.0051083e+002	  1.6721527e+002	  1.6761134e+002	  1.6221880e+002	  1.6663075e+002	  1.2061025e+002	  1.3003782e+002	  1.2614834e+002	  1.2893337e+002	  1.3878913e+002	  1.3988752e+002	  1.3836133e+002	  1.3502763e+002	  1.0664789e+002	  1.1108906e+002	  1.1080753e+002	  1.1678120e+002	
  1.2914314e+002	  1.3083058e+002	  1.3644595e+002	  1.3797951e+002	  2.1786740e+002	  2.1136986e+002	  2.0979428e+002	  2.1613843e+002	  1.4757990e+002	  1.4763768e+002	  1.5135764e+002	  1.4273252e+002	  1.1092501e+002	  1.1453678e+002	  1.1299995e+002	  1.0491609e+002	  1.3261718e+002	  1.3405412e+002	  1.2740123e+002	  1.3572462e+002	
  3.4430051e+001	  4.1978786e+001	  4.2829152e+001	  4.0445791e+001	  8.1439549e+001	  7.9038921e+001	  8.1179732e+001	  8.2220337e+001	  7.6957616e+001	  7.5851357e+001	  7.4022288e+001	  7.0752559e+001	  9.4757025e+001	  8.8476791e+001	  8.9208718e+001	  8.9990150e+001	  1.1194050e+002	  1.1523049e+002	  1.0983164e+002	  1.0682700e+002	
  1.0539397e+002	  1.1186820e+002	  1.1115466e+002	  1.1064026e+002	  1.0964099e+002	  1.0947168e+002	  1.1281501e+002	  1.1150169e+002	  7.4190525e+001	  6.9082545e+001	  6.3724976e+001	  6.8784128e+001	  7.7035802e+001	  7.7011808e+001	  7.9736653e+001	  8.5084441e+001	  7.9624666e+001	  7.8865844e+001	  8.2852618e+001	  7.1668241e+001	
  1.0469916e+002	  1.1287084e+002	  1.1046692e+002	  1.1429712e+002	  8.6292480e+001	  1.0032225e+002	  8.9339442e+001	  9.8203824e+001	  1.4964533e+002	  1.3404698e+002	  1.4036243e+002	  1.4774293e+002	  1.4774161e+002	  1.4085465e+002	  1.4320175e+002	  1.4263802e+002	  1.1539402e+002	  1.1341256e+002	  1.2006090e+002	  1.1625177e+002	
  1.3811989e+002	  1.4589668e+002	  1.4131097e+002	  1.4569684e+002	  1.3122956e+002	  1.3463172e+002	  1.4136703e+002	  1.4090027e+002	  1.6004380e+002	  1.6132486e+002	  1.5257417e+002	  1.6428570e+002	  1.0899667e+002	  1.0705638e+002	  1.1190004e+002	  1.0981113e+002	  1.5088148e+002	  1.5217715e+002	  1.4765154e+002	  1.5009860e+002	
  7.4523097e+001	  7.3996888e+001	  7.5104436e+001	  8.4680466e+001	  1.1464927e+002	  1.0692172e+002	  1.0989431e+002	  1.0793169e+002	  8.0025208e+001	  7.8196023e+001	  7.8262799e+001	  7.6577699e+001	  7.0283861e+001	  7.7212561e+001	  7.9470603e+001	  7.9453998e+001	  1.2585220e+002	  1.2267048e+002	  1.1869890e+002	  1.2660492e+002	
  6.8816689e+001	  6.5120841e+001	  6.5128881e+001	  6.6476590e+001	  3.7821669e+001	  3.9440684e+001	  3.4211480e+001	  4.0918359e+001	  1.0442631e+002	  1.0486175e+002	  1.0076488e+002	  1.0177118e+002	  6.1006967e+001	  6.8037219e+001	  6.9936108e+001	  6.7288558e+001	  7.7685684e+001	  8.4468468e+001	  7.6563642e+001	  7.9370165e+001	
  1.5338176e+002	  1.4887046e+002	  1.4410606e+002	  1.5062176e+002	  1.5290727e+002	  1.4375154e+002	  1.4404124e+002	  1.4364562e+002	  1.3433386e+002	  1.3967045e+002	  1.3913555e+002	  1.4187471e+002	  1.3690244e+002	  1.3623319e+002	  1.3021963e+002	  1.4136313e+002	  1.5401849e+002	  1.5393833e+002	  1.5714029e+002	  1.5222587e+002	
  1.2072640e+002	  1.1419457e+002	  1.2533244e+002	  1.2535506e+002	  1.2616192e+002	  1.2565871e+002	  1.2454050e+002	  1.1985838e+002	  1.2823668e+002	  1.2940881e+002	  1.3170202e+002	  1.2795029e+002	  6.7400678e+001	  6.8977776e+001	  7.9056351e+001	  7.4356060e+001	  1.4187538e+002	  1.3865130e+002	  1.3839994e+002	  1.4394615e+002	
  1.2758658e+002	  1.2688100e+002	  1.2547178e+002	  1.1344977e+002	  9.2053956e+001	  8.2218715e+001	  9.2988184e+001	  8.9652563e+001	  1.3510967e+002	  1.3256461e+002	  1.2795253e+002	  1.3249780e+002	  1.2124549e+002	  1.1458407e+002	  1.1341015e+002	  1.1286421e+002	  1.1752537e+002	  1.1486162e+002	  1.0727888e+002	  1.1947838e+002	
  5.5661513e+001	  4.3848457e+001	  4.4714809e+001	  4.7448063e+001	  9.6537131e+001	  9.7837240e+001	  9.7166329e+001	  9.5424877e+001	  1.0797138e+002	  1.1292126e+002	  1.0670626e+002	  9.9282321e+001	  8.6594283e+001	  9.0301535e+001	  9.7228349e+001	  9.5253132e+001	  1.1802778e+002	  1.1259952e+002	  1.2579770e+002	  1.1858360e+002	
  1.0614471e+002	  1.0111929e+002	  9.9575825e+001	  1.0693807e+002	  7.1025797e+001	  7.6523114e+001	  7.7220519e+001	  7.1862675e+001	  1.3234686e+002	  1.3786961e+002	  1.3163664e+002	  1.2358088e+002	  1.0016956e+002	  1.0014456e+002	  1.0729529e+002	  1.0694642e+002	  8.7429972e+001	  8.9721135e+001	  8.8708507e+001	  8.3616571e+001	
  9.6569206e+001	  1.0018259e+002	  9.9916432e+001	  1.0042005e+002	  1.6031833e+002	  1.5839640e+002	  1.5199129e+002	  1.4843389e+002	  1.4310946e+002	  1.4356934e+002	  1.4689888e+002	  1.4411177e+002	  1.0126890e+002	  1.0106516e+002	  1.0941093e+002	  1.0677193e+002	  1.5457592e+002	  1.6595334e+002	  1.6312862e+002	  1.6251506e+002	
  1.4538675e+002	  1.4381585e+002	  1.4217000e+002	  1.4738977e+002	  1.0721526e+002	  1.0460523e+002	  1.0732359e+002	  1.0235607e+002	  1.0289664e+002	  1.0564153e+002	  1.0231454e+002	  1.0597758e+002	  1.1154258e+002	  1.0564723e+002	  1.1979644e+002	  1.0503980e+002	  1.1255523e+002	  1.1286125e+002	  1.1954890e+002	  1.2175408e+002	
  6.0988978e+001	  5.6560564e+001	  5.9560476e+001	  5.2171960e+001	  6.5553280e+001	  7.1439929e+001	  7.1937482e+001	  6.2970446e+001	  9.8547970e+001	  9.3710002e+001	  9.4980594e+001	  9.1370468e+001	  4.5823282e+001	  4.7563522e+001	  5.1920890e+001	  4.5957923e+001	  9.4469693e+001	  9.9296046e+001	  9.8165197e+001	  9.5068349e+001	
  1.4147138e+002	  1.4345107e+002	  1.4430951e+002	  1.4885638e+002	  2.0451182e+002	  2.0833102e+002	  2.0853437e+002	  2.1095442e+002	  1.5521339e+002	  1.5154084e+002	  1.5087612e+002	  1.6281500e+002	  1.8833950e+002	  1.9117687e+002	  1.9176869e+002	  1.9121319e+002	  1.9580009e+002	  1.8818634e+002	  1.8334656e+002	  1.8608309e+002	
  9.0241938e+001	  1.0055776e+002	  9.4896758e+001	  9.6487579e+001	  1.3424923e+002	  1.3327706e+002	  1.3719647e+002	  1.3290909e+002	  1.4017437e+002	  1.3179615e+002	  1.3494370e+002	  1.3424775e+002	  1.4734625e+002	  1.4716351e+002	  1.4423801e+002	  1.3816927e+002	  1.0025144e+002	  9.3289850e+001	  8.9411593e+001	  1.0008071e+002	
  9.7690712e+001	  1.0084968e+002	  9.2811740e+001	  9.0381369e+001	  1.1473765e+002	  1.0143128e+002	  1.0263075e+002	  1.0923762e+002	  9.2497592e+001	  8.3412492e+001	  8.7186415e+001	  9.0351543e+001	  6.9706053e+001	  7.3675441e+001	  7.1475398e+001	  6.5653662e+001	  1.3652205e+002	  1.3246008e+002	  1.4052723e+002	  1.4421805e+002	
  4.3873291e+001	  5.4182689e+001	  4.9769839e+001	  4.8052132e+001	  1.3052237e+002	  1.3087581e+002	  1.3349857e+002	  1.3076414e+002	  8.0507665e+001	  7.9566860e+001	  8.1303496e+001	  8.3894630e+001	  4.7565402e+001	  4.6459240e+001	  4.7448021e+001	  4.6157438e+001	  9.5637066e+001	  1.0086540e+002	  9.6852529e+001	  9.6153736e+001	
  1.0120100e+002	  1.0311424e+002	  1.0246912e+002	  9.8752070e+001	  1.8344732e+002	  1.7687268e+002	  1.7694441e+002	  1.8087404e+002	  1.1917688e+002	  1.1498962e+002	  1.1239874e+002	  1.0622707e+002	  1.2455459e+002	  1.2602002e+002	  1.2965513e+002	  1.2349406e+002	  1.2245615e+002	  1.1735221e+002	  1.2016739e+002	  1.2411141e+002	
  1.2533855e+002	  1.2842268e+002	  1.2650839e+002	  1.3323450e+002	  1.5177435e+002	  1.4184920e+002	  1.5272761e+002	  1.5061427e+002	  1.4470339e+002	  1.4894004e+002	  1.4620167e+002	  1.4439108e+002	  9.1734293e+001	  8.9176320e+001	  9.7640864e+001	  9.3451773e+001	  1.0478849e+002	  1.1127675e+002	  1.1073126e+002	  1.0823295e+002	
  5.8393152e+001	  5.8033457e+001	  5.1063022e+001	  5.9241042e+001	  9.1895780e+001	  9.0204337e+001	  9.2997181e+001	  9.2406240e+001	  6.2504382e+001	  5.4778765e+001	  5.6917401e+001	  6.2248379e+001	  8.3109474e+001	  8.6952823e+001	  8.4814882e+001	  9.1741574e+001	  1.2734013e+002	  1.1514043e+002	  1.1920680e+002	  1.1302959e+002	
  9.1302994e+001	  8.7647923e+001	  8.8087466e+001	  8.7742647e+001	  8.6295681e+001	  8.9815887e+001	  8.0017280e+001	  8.5793486e+001	  1.1279001e+002	  1.0926814e+002	  1.1208734e+002	  1.1640778e+002	  9.3977021e+001	  8.5432261e+001	  9.2624305e+001	  8.9213729e+001	  1.2201590e+002	  1.2470304e+002	  1.2302944e+002	  1.1682277e+002	
  9.6344342e+001	  9.5626602e+001	  9.4164841e+001	  9.3166661e+001	  1.0495882e+002	  1.0924872e+002	  9.9271625e+001	  1.0238992e+002	  2.0510147e+002	  2.0407517e+002	  2.0710254e+002	  2.0080369e+002	  9.7050811e+001	  9.2090270e+001	  9.6784662e+001	  9.1232231e+001	  1.4858031e+002	  1.4570994e+002	  1.3086030e+002	  1.3709480e+002	
  1.3003691e+002	  1.2952772e+002	  1.3459951e+002	  1.3038455e+002	  1.4620524e+002	  1.4200025e+002	  1.4450833e+002	  1.4389841e+002	  1.4932684e+002	  1.4743927e+002	  1.5410026e+002	  1.4543598e+002	  1.1329552e+002	  1.1947091e+002	  1.0622409e+002	  1.1449653e+002	  1.2841858e+002	  1.3702225e+002	  1.2985962e+002	  1.2467885e+002	
  1.2842026e+002	  1.1694572e+002	  1.2096100e+002	  1.2416826e+002	  1.0284637e+002	  9.9822153e+001	  1.0251410e+002	  9.9447469e+001	  9.0636517e+001	  9.9079719e+001	  9.2183247e+001	  8.8942085e+001	  1.5396390e+002	  1.4678581e+002	  1.4846836e+002	  1.5157392e+002	  6.7902027e+001	  6.7431890e+001	  6.7328037e+001	  7.0480150e+001	
  9.8990629e+001	  1.0277244e+002	  1.0879265e+002	  9.7203723e+001	  1.2817231e+002	  1.3356047e+002	  1.1907183e+002	  1.2741446e+002	  1.4221019e+002	  1.3723540e+002	  1.4296079e+002	  1.3876890e+002	  1.0990196e+002	  1.0231344e+002	  1.1777823e+002	  1.1150280e+002	  1.2497549e+002	  1.2630652e+002	  1.2753083e+002	  1.3240806e+002	
  1.5453528e+002	  1.5337644e+002	  1.5314952e+002	  1.4698372e+002	  1.1946999e+002	  1.1248199e+002	  1.1498428e+002	  1.1720795e+002	  1.5479191e+002	  1.5031429e+002	  1.5118491e+002	  1.5646030e+002	  1.5030817e+002	  1.5620123e+002	  1.4666624e+002	  1.5383566e+002	  1.5395101e+002	  1.6005539e+002	  1.5946148e+002	  1.6099904e+002	
  8.4951181e+001	  8.3414608e+001	  8.6237411e+001	  8.4257842e+001	  9.4994539e+001	  9.3194594e+001	  9.1801304e+001	  9.6203783e+001	  5.7112627e+001	  5.4266479e+001	  6.1493949e+001	  6.1849976e+001	  8.3121534e+001	  8.4854235e+001	  8.0575648e+001	  8.5369535e+001	  5.4244681e+001	  5.8409243e+001	  5.4545165e+001	  5.6359580e+001	
  1.4865092e+002	  1.4852769e+002	  1.5816966e+002	  1.5514978e+002	  1.0285044e+002	  1.0566561e+002	  1.0240535e+002	  1.0301856e+002	  1.0362307e+002	  9.9198728e+001	  1.0572183e+002	  1.0285939e+002	  1.4226194e+002	  1.2825023e+002	  1.2493712e+002	  1.3126541e+002	  1.0474584e+002	  1.0607150e+002	  1.0421994e+002	  1.0887212e+002	
  1.7628889e+002	  1.7675501e+002	  1.8228128e+002	  1.7241238e+002	  1.1964219e+002	  1.2507346e+002	  1.2296815e+002	  1.2884961e+002	  1.8923951e+002	  1.8235246e+002	  1.9629127e+002	  1.9015865e+002	  1.3344104e+002	  1.3337334e+002	  1.2879737e+002	  1.2545829e+002	  1.7220858e+002	  1.7883435e+002	  1.7039461e+002	  1.6742532e+002	
  7.0486204e+001	  7.1200327e+001	  7.2949641e+001	  8.0042614e+001	  7.6720923e+001	  8.3318276e+001	  8.1208015e+001	  8.0325075e+001	  1.0231923e+002	  1.0341047e+002	  1.0968144e+002	  1.1136359e+002	  8.3126296e+001	  8.0825244e+001	  8.6197910e+001	  8.8382092e+001	  1.0075223e+002	  9.4857735e+001	  9.8424610e+001	  9.9636821e+001	
  1.4188424e+002	  1.3650438e+002	  1.3647141e+002	  1.4022952e+002	  1.9131740e+002	  1.9579351e+002	  1.9577476e+002	  1.9548843e+002	  2.0034270e+002	  1.9755376e+002	  1.9845308e+002	  1.9881676e+002	  1.3690727e+002	  1.3782840e+002	  1.3454467e+002	  1.2906552e+002	  1.4332167e+002	  1.5052010e+002	  1.4819722e+002	  1.4283427e+002	
  1.1990053e+002	  1.1633121e+002	  1.1844160e+002	  1.1707888e+002	  1.1059686e+002	  1.0231688e+002	  1.0171822e+002	  1.0119511e+002	  1.3060628e+002	  1.2991721e+002	  1.3326914e+002	  1.2965409e+002	  1.2121220e+002	  1.2245485e+002	  1.1859160e+002	  1.2977168e+002	  1.1475066e+002	  1.1792122e+002	  1.1894649e+002	  1.2420927e+002	
  1.5316986e+002	  1.4637519e+002	  1.6322993e+002	  1.5945350e+002	  1.2298720e+002	  1.1730785e+002	  1.1307823e+002	  1.1707239e+002	  1.5437279e+002	  1.5231989e+002	  1.5259746e+002	  1.5348143e+002	  1.2176154e+002	  1.1361756e+002	  1.2000567e+002	  1.1623933e+002	  1.2374728e+002	  1.2994610e+002	  1.2732128e+002	  1.2014727e+002	
  1.0598449e+002	  1.0284584e+002	  1.0400757e+002	  1.0525858e+002	  1.3901705e+002	  1.4110484e+002	  1.3118444e+002	  1.3685917e+002	  1.1596410e+002	  1.2474895e+002	  1.2060680e+002	  1.1693680e+002	  1.2893698e+002	  1.2524292e+002	  1.2259219e+002	  1.2955215e+002	  1.3529612e+002	  1.3517096e+002	  1.2999038e+002	  1.3837774e+002	
  6.9827717e+001	  7.7724523e+001	  7.4888115e+001	  7.0946528e+001	  1.2047950e+002	  1.1615166e+002	  1.1603042e+002	  1.1670458e+002	  3.9436861e+001	  3.0399040e+001	  4.1056653e+001	  3.2884205e+001	  5.0724001e+001	  5.6505809e+001	  5.1171369e+001	  5.1065282e+001	  9.1210706e+001	  9.0191290e+001	  9.1323986e+001	  9.5316353e+001	
  1.2369150e+002	  1.2340044e+002	  1.1169082e+002	  1.3260238e+002	  1.3107447e+002	  1.1737262e+002	  1.1917650e+002	  1.2545337e+002	  1.2350050e+002	  1.2769037e+002	  1.2713778e+002	  1.2249411e+002	  1.0416515e+002	  1.1672949e+002	  1.0710076e+002	  1.0214928e+002	  1.0920427e+002	  1.0546655e+002	  9.9872145e+001	  1.0876488e+002	
  8.0339025e+001	  9.0096487e+001	  9.1158489e+001	  8.0171694e+001	  1.5641126e+002	  1.5243050e+002	  1.5110155e+002	  1.5191640e+002	  1.4705403e+002	  1.4783641e+002	  1.4045315e+002	  1.4570296e+002	  1.1450976e+002	  1.1173315e+002	  1.1386638e+002	  1.0635260e+002	  1.3356530e+002	  1.4111601e+002	  1.4081957e+002	  1.4109566e+002	
  6.2390442e+001	  6.4966433e+001	  6.9083147e+001	  6.8972201e+001	  7.7463443e+001	  7.4711974e+001	  7.5114817e+001	  7.2914141e+001	  7.0652947e+001	  6.6978875e+001	  6.5652488e+001	  6.6306410e+001	  6.6145718e+001	  6.5973932e+001	  6.6716747e+001	  6.4334008e+001	  7.4315871e+000	  8.0370874e+000	  7.4402065e+000	  9.6683322e+000	
  1.5116640e+002	  1.5236295e+002	  1.3935975e+002	  1.4615893e+002	  1.3822167e+002	  1.3815307e+002	  1.4231198e+002	  1.3378078e+002	  1.6263069e+002	  1.6767366e+002	  1.7370545e+002	  1.7598251e+002	  1.4456745e+002	  1.4786900e+002	  1.3756426e+002	  1.3949513e+002	  1.9011520e+002	  1.9576124e+002	  1.8430233e+002	  1.8660256e+002	
  1.4984652e+002	  1.4489923e+002	  1.4783842e+002	  1.3947741e+002	  9.1721962e+001	  1.0301639e+002	  9.4666539e+001	  8.7747974e+001	  1.5710230e+002	  1.5729167e+002	  1.5514008e+002	  1.5347257e+002	  1.2986482e+002	  1.2348294e+002	  1.2801745e+002	  1.2983398e+002	  1.4934543e+002	  1.4858434e+002	  1.4740670e+002	  1.4061058e+002	
  1.0874713e+002	  1.0923878e+002	  1.1556580e+002	  1.1377664e+002	  1.0492854e+002	  1.0876351e+002	  1.0241782e+002	  1.0683208e+002	  1.3779843e+002	  1.3605276e+002	  1.3752682e+002	  1.3905575e+002	  1.7830601e+002	  1.8005338e+002	  1.8194029e+002	  1.8291055e+002	  1.4246023e+002	  1.5201174e+002	  1.5006706e+002	  1.5167041e+002	
  9.1945930e+001	  1.0048740e+002	  8.8079135e+001	  9.2194573e+001	  1.3426723e+002	  1.4247818e+002	  1.3477207e+002	  1.3105864e+002	  7.9770445e+001	  8.2341057e+001	  8.0451881e+001	  6.9624424e+001	  1.2723604e+002	  1.1527779e+002	  1.1647097e+002	  1.1988751e+002	  1.1739944e+002	  1.0956677e+002	  1.1071874e+002	  1.1012451e+002	
  8.8491965e+001	  9.0249128e+001	  8.9870352e+001	  8.3684276e+001	  9.1602425e+001	  8.2097073e+001	  8.8073001e+001	  8.3695174e+001	  7.6239736e+001	  8.2383262e+001	  8.4457359e+001	  7.3985604e+001	  1.2806087e+002	  1.3591048e+002	  1.2658812e+002	  1.2820571e+002	  8.8425256e+001	  9.3883759e+001	  7.8304926e+001	  7.8850707e+001	
  1.4759617e+002	  1.5251127e+002	  1.4952402e+002	  1.5457037e+002	  1.6355739e+002	  1.6226629e+002	  1.6210492e+002	  1.6508802e+002	  1.4590959e+002	  1.3700182e+002	  1.4825529e+002	  1.4130392e+002	  1.9198159e+002	  1.7763348e+002	  1.8509990e+002	  1.7068172e+002	  1.7231326e+002	  1.6590226e+002	  1.6883229e+002	  1.7287890e+002	
  1.4064890e+002	  1.4831055e+002	  1.5035717e+002	  1.5121597e+002	  1.0901996e+002	  1.0811369e+002	  1.0722019e+002	  1.1516395e+002	  1.4720100e+002	  1.3126663e+002	  1.3845170e+002	  1.3458615e+002	  1.2313919e+002	  1.1187894e+002	  1.1837256e+002	  1.1895278e+002	  1.5172191e+002	  1.5198029e+002	  1.5698378e+002	  1.5464793e+002	
  1.3584080e+002	  1.3590562e+002	  1.3251351e+002	  1.2934263e+002	  1.5802946e+002	  1.6083492e+002	  1.5580073e+002	  1.5218710e+002	  9.3483661e+001	  9.3578529e+001	  9.5591851e+001	  9.1373643e+001	  1.2664284e+002	  1.2599029e+002	  1.2909995e+002	  1.4021340e+002	  9.1154404e+001	  9.4012542e+001	  9.4591274e+001	  9.0146780e+001	
  9.0459273e+001	  8.5959343e+001	  9.0394640e+001	  8.8669357e+001	  1.1750574e+002	  1.1619829e+002	  1.2210137e+002	  1.1711715e+002	  1.1598020e+002	  1.1161061e+002	  1.1869080e+002	  1.1226615e+002	  1.3714837e+002	  1.4515453e+002	  1.3790696e+002	  1.4632472e+002	  9.3870175e+001	  9.9331841e+001	  9.9108865e+001	  9.3293333e+001	
  6.9608474e+001	  6.9657858e+001	  6.4492579e+001	  7.1871397e+001	  1.2150220e+002	  1.2469190e+002	  1.1970751e+002	  1.1985368e+002	  6.1070655e+001	  6.7968977e+001	  6.4310281e+001	  7.7766366e+001	  9.1129993e+001	  1.0505947e+002	  9.7939678e+001	  9.5541103e+001	  8.2298503e+001	  6.8668259e+001	  7.9013293e+001	  7.4292210e+001	
  1.3371199e+002	  1.2755997e+002	  1.2847945e+002	  1.3127736e+002	  2.0702928e+002	  2.0924164e+002	  2.0689499e+002	  2.0767551e+002	  1.3014243e+002	  1.2873160e+002	  1.2726385e+002	  1.2413026e+002	  1.5787072e+002	  1.5752603e+002	  1.5768487e+002	  1.5869601e+002	  1.7900084e+002	  1.7593830e+002	  1.8418246e+002	  1.8127961e+002	
  8.5596636e+001	  7.8396717e+001	  7.2735528e+001	  8.2591025e+001	  8.9197214e+001	  1.0145865e+002	  9.1632431e+001	  9.7832879e+001	  1.3426666e+002	  1.3707658e+002	  1.3210760e+002	  1.3176545e+002	  9.8564001e+001	  9.2551097e+001	  8.8947258e+001	  8.9438843e+001	  1.2677153e+002	  1.2549097e+002	  1.3042422e+002	  1.2237171e+002	
  1.4402715e+002	  1.4916529e+002	  1.4590790e+002	  1.3940679e+002	  8.5331387e+001	  7.4999559e+001	  8.3960753e+001	  8.8506860e+001	  1.2226229e+002	  1.1106218e+002	  1.1278758e+002	  1.2119251e+002	  1.3785691e+002	  1.4394044e+002	  1.3552019e+002	  1.3806473e+002	  1.0961740e+002	  1.0717024e+002	  1.0579315e+002	  1.0285860e+002	
  7.1980030e+001	  7.7310875e+001	  8.2093233e+001	  7.7839026e+001	  1.1966219e+002	  1.2529020e+002	  1.2257894e+002	  1.2653981e+002	  1.1753968e+002	  1.1938487e+002	  1.1149869e+002	  1.2087667e+002	  1.1263968e+002	  1.1148934e+002	  1.1788517e+002	  1.2438765e+002	  1.3182898e+002	  1.3333215e+002	  1.3312548e+002	  1.2915980e+002	
  1.0066344e+002	  1.0311682e+002	  1.0417976e+002	  1.0468768e+002	  1.4380533e+002	  1.4692855e+002	  1.3757902e+002	  1.4400281e+002	  1.4372718e+002	  1.5059729e+002	  1.4224382e+002	  1.4449821e+002	  1.1773551e+002	  1.1701222e+002	  1.2773657e+002	  1.2250355e+002	  1.5249442e+002	  1.5297817e+002	  1.5313684e+002	  1.5411901e+002	
  6.5569252e+001	  6.3913209e+001	  6.6823343e+001	  6.9309588e+001	  7.2021655e+001	  6.5650243e+001	  7.7175257e+001	  7.7276561e+001	  7.6607079e+001	  7.5462380e+001	  8.0772320e+001	  6.6901031e+001	  8.1530723e+001	  8.3083586e+001	  7.5411207e+001	  7.1706637e+001	  9.9046521e+001	  1.0302066e+002	  9.4279888e+001	  1.0249216e+002	
  1.3696799e+002	  1.3711078e+002	  1.3391054e+002	  1.4024802e+002	  1.9149971e+002	  1.9211857e+002	  1.9567513e+002	  1.9633986e+002	  1.6112048e+002	  1.5921572e+002	  1.6336620e+002	  1.5946263e+002	  1.4471751e+002	  1.4068256e+002	  1.4258227e+002	  1.4331511e+002	  1.5331471e+002	  1.5509383e+002	  1.5572128e+002	  1.6157229e+002	
  9.0723094e+001	  9.7170812e+001	  9.7704557e+001	  9.3927432e+001	  6.9574997e+001	  7.3578038e+001	  7.4707015e+001	  7.7908565e+001	  5.5668103e+001	  5.1988653e+001	  5.2681002e+001	  5.3198659e+001	  5.5081145e+001	  6.7845798e+001	  6.5653151e+001	  6.1304965e+001	  6.9711255e+001	  7.0579322e+001	  6.7398596e+001	  6.8118286e+001	
  1.3027160e+002	  1.2255441e+002	  1.1739909e+002	  1.2735652e+002	  1.3119059e+002	  1.3274853e+002	  1.3389815e+002	  1.2686339e+002	  1.2104385e+002	  1.2351247e+002	  1.2539641e+002	  1.2224192e+002	  1.0654513e+002	  1.0117018e+002	  1.0834158e+002	  1.0236925e+002	  6.9892693e+001	  6.8807508e+001	  7.0530136e+001	  6.4762692e+001	
  1.1115455e+002	  1.0716440e+002	  1.0422065e+002	  1.0767989e+002	  1.3711692e+002	  1.4066870e+002	  1.2859758e+002	  1.3799276e+002	  1.1340662e+002	  1.0571686e+002	  1.1042039e+002	  1.0567302e+002	  1.1391724e+002	  1.0930940e+002	  1.1782792e+002	  1.1687464e+002	  9.5719004e+001	  9.8587160e+001	  1.0162211e+002	  1.0229464e+002	
  1.2012417e+002	  1.2607473e+002	  1.1792085e+002	  1.2290137e+002	  1.5045404e+002	  1.5573584e+002	  1.5516054e+002	  1.5254154e+002	  1.2875610e+002	  1.3325880e+002	  1.3624275e+002	  1.3291211e+002	  9.3848639e+001	  9.1663741e+001	  9.6712057e+001	  9.5602050e+001	  2.1105817e+002	  2.1156673e+002	  2.0899255e+002	  2.0659192e+002	
  1.5842290e+002	  1.5854796e+002	  1.6331708e+002	  1.5507439e+002	  1.2740202e+002	  1.3994793e+002	  1.2993422e+002	  1.2647092e+002	  1.6318960e+002	  1.5945042e+002	  1.6237310e+002	  1.6246160e+002	  1.4772751e+002	  1.5127420e+002	  1.5395047e+002	  1.5921729e+002	  1.5222498e+002	  1.4435144e+002	  1.4416438e+002	  1.5489484e+002	
  1.3007917e+002	  1.2455044e+002	  1.2762232e+002	  1.3138623e+002	  1.3110904e+002	  1.3486356e+002	  1.1602438e+002	  1.2044134e+002	  1.5775339e+002	  1.5102082e+002	  1.5840629e+002	  1.6346602e+002	  1.5155031e+002	  1.4120372e+002	  1.4149177e+002	  1.4579071e+002	  1.8264131e+002	  1.7310607e+002	  1.7817910e+002	  1.7933119e+002	
  1.2401512e+002	  1.2255045e+002	  1.2115830e+002	  1.2929629e+002	  7.1558503e+001	  6.9726245e+001	  7.2202484e+001	  6.5305797e+001	  8.6294891e+001	  8.9279407e+001	  8.3725366e+001	  8.3048830e+001	  9.9550313e+001	  9.4666802e+001	  9.8928683e+001	  9.4413154e+001	  1.1057776e+002	  1.1241729e+002	  1.0765040e+002	  1.0884494e+002	
  1.2055814e+002	  1.2265112e+002	  1.1777418e+002	  1.1967604e+002	  1.3059997e+002	  1.3874831e+002	  1.3376685e+002	  1.3294753e+002	  1.4107743e+002	  1.4758906e+002	  1.5184882e+002	  1.5374178e+002	  1.4059272e+002	  1.4809566e+002	  1.3634096e+002	  1.3811099e+002	  1.2356695e+002	  1.2332893e+002	  1.1920679e+002	  1.2650487e+002	
  1.3204598e+002	  1.1838342e+002	  1.2750462e+002	  1.2446894e+002	  6.3594355e+001	  8.1499528e+001	  6.6725765e+001	  6.8097045e+001	  1.2881992e+002	  1.2536935e+002	  1.3231569e+002	  1.2679418e+002	  8.8608790e+001	  1.0447011e+002	  9.6037571e+001	  9.5557662e+001	  1.1247558e+002	  1.0628733e+002	  1.0864786e+002	  1.1386123e+002	
  7.6055328e+001	  8.0206198e+001	  8.0024442e+001	  8.1819522e+001	  1.0574402e+002	  1.0335732e+002	  1.0406513e+002	  1.0163315e+002	  7.7370270e+001	  8.4143334e+001	  7.9677857e+001	  8.5263770e+001	  1.0862558e+002	  9.8716201e+001	  1.0907151e+002	  1.0725581e+002	  8.9512421e+001	  8.9822693e+001	  9.2752394e+001	  8.8106532e+001	
  1.1685979e+002	  1.2069581e+002	  1.1201806e+002	  1.0990470e+002	  1.5960981e+002	  1.5945154e+002	  1.5779150e+002	  1.5911869e+002	  1.7513885e+002	  1.7283613e+002	  1.7625736e+002	  1.6838929e+002	  1.2274476e+002	  1.1208044e+002	  1.1945768e+002	  1.1920605e+002	  1.7408221e+002	  1.7591643e+002	  1.7160912e+002	  1.7103459e+002	
  6.9287292e+001	  6.6158020e+001	  6.9065683e+001	  6.5887931e+001	  7.7897325e+001	  8.3963269e+001	  8.2322626e+001	  8.1164462e+001	  6.7344952e+001	  7.2253338e+001	  7.7192242e+001	  7.2023018e+001	  9.3219042e+001	  9.5765804e+001	  9.4952469e+001	  8.3101996e+001	  1.2349977e+002	  1.2269702e+002	  1.2581011e+002	  1.2861780e+002	
  1.2178745e+002	  1.2885984e+002	  1.3029123e+002	  1.2367954e+002	  1.0774460e+002	  1.0990211e+002	  1.0211203e+002	  1.0498059e+002	  1.1456126e+002	  1.2729245e+002	  1.3217599e+002	  1.2078660e+002	  9.6002231e+001	  9.1902864e+001	  8.8815915e+001	  8.9695705e+001	  1.0034962e+002	  8.7766276e+001	  9.1649004e+001	  9.9466779e+001	
  1.5523338e+002	  1.5531669e+002	  1.5501239e+002	  1.4846509e+002	  1.0019570e+002	  9.9498895e+001	  9.6521159e+001	  9.6235036e+001	  1.1676635e+002	  1.0975002e+002	  1.2178207e+002	  1.1493184e+002	  1.1662066e+002	  1.1444662e+002	  1.0587059e+002	  1.1060727e+002	  1.3406809e+002	  1.3381281e+002	  1.3268894e+002	  1.2715670e+002	
  1.1223007e+002	  1.1244242e+002	  1.1746157e+002	  1.1662187e+002	  1.1291618e+002	  1.1499417e+002	  1.1264401e+002	  1.1277347e+002	  1.0645162e+002	  1.1524772e+002	  1.1649858e+002	  1.1018876e+002	  6.7700782e+001	  6.6219775e+001	  6.7198740e+001	  6.2711637e+001	  5.0250894e+001	  4.8442985e+001	  4.9589868e+001	  4.2296824e+001	
  1.0901593e+002	  1.1560226e+002	  1.1568162e+002	  1.1056079e+002	  8.6801232e+001	  8.2084377e+001	  8.5393376e+001	  8.3863222e+001	  1.4684202e+002	  1.4611541e+002	  1.3698285e+002	  1.4065401e+002	  1.1106470e+002	  1.0873014e+002	  1.1348770e+002	  1.1187680e+002	  1.0520667e+002	  1.1943283e+002	  1.1034697e+002	  1.1064267e+002	
  7.2140656e+001	  6.8036159e+001	  6.1422467e+001	  6.9395288e+001	  9.9417443e+001	  9.1753732e+001	  9.6331708e+001	  9.5691926e+001	  1.2345682e+002	  1.2487030e+002	  1.1894048e+002	  1.2444440e+002	  1.0247367e+002	  1.0610205e+002	  1.0514787e+002	  1.0510577e+002	  1.0486357e+002	  1.0812775e+002	  1.0614188e+002	  1.0388177e+002	
  1.5664040e+002	  1.5478778e+002	  1.5282130e+002	  1.6106451e+002	  1.8323718e+002	  1.7789474e+002	  1.8655044e+002	  1.8307522e+002	  1.4233872e+002	  1.3827692e+002	  1.3854992e+002	  1.3935693e+002	  1.4929307e+002	  1.5803391e+002	  1.5005423e+002	  1.5027083e+002	  1.7722281e+002	  1.7423649e+002	  1.8351124e+002	  1.8273321e+002	
  1.3716589e+002	  1.4349039e+002	  1.3918214e+002	  1.3280227e+002	  1.4274177e+002	  1.4527012e+002	  1.3912818e+002	  1.4109425e+002	  1.1476047e+002	  1.1548758e+002	  1.1686104e+002	  1.1754669e+002	  1.0371661e+002	  1.0511944e+002	  1.0118208e+002	  1.0483270e+002	  9.9002345e+001	  9.8279223e+001	  9.4947169e+001	  9.5829271e+001	
  1.0758237e+002	  1.1445777e+002	  1.0862282e+002	  1.1440759e+002	  1.4191469e+002	  1.3771155e+002	  1.2874864e+002	  1.3133087e+002	  1.7413576e+002	  1.7628812e+002	  1.7243533e+002	  1.7984155e+002	  1.2883043e+002	  1.1373656e+002	  1.2049530e+002	  1.2428703e+002	  1.0533970e+002	  1.1620725e+002	  1.0656780e+002	  1.0819768e+002	
  1.0977702e+002	  1.0744938e+002	  1.1687997e+002	  1.1761223e+002	  1.2915191e+002	  1.2952348e+002	  1.2663376e+002	  1.3307193e+002	  1.6994239e+002	  1.5762063e+002	  1.6166518e+002	  1.6259857e+002	  1.5417137e+002	  1.6083008e+002	  1.6285728e+002	  1.5720352e+002	  1.4233333e+002	  1.3651283e+002	  1.3691842e+002	  1.3887006e+002	
  1.2874407e+002	  1.2222811e+002	  1.2407249e+002	  1.2804861e+002	  1.3770189e+002	  1.4740720e+002	  1.4270093e+002	  1.4655338e+002	  1.5225818e+002	  1.5797300e+002	  1.5536618e+002	  1.4941805e+002	  1.0846491e+002	  1.1479134e+002	  1.1096323e+002	  1.1181641e+002	  1.3979421e+002	  1.5347587e+002	  1.4334467e+002	  1.3900761e+002	
  1.9134202e+002	  1.8666423e+002	  1.8684841e+002	  1.9324090e+002	  1.4710047e+002	  1.3991538e+002	  1.3747340e+002	  1.4798546e+002	  1.7632236e+002	  1.7856853e+002	  1.7035972e+002	  1.7791433e+002	  1.1732050e+002	  1.1876566e+002	  1.0955063e+002	  1.1481519e+002	  1.2480521e+002	  1.3190312e+002	  1.3198273e+002	  1.2726727e+002	
  9.0830289e+001	  8.7732222e+001	  8.2305536e+001	  8.5803709e+001	  8.4410466e+001	  9.1509607e+001	  9.0341584e+001	  9.3649094e+001	  1.2598782e+002	  1.2077957e+002	  1.2352552e+002	  1.2048846e+002	  1.3577669e+002	  1.4000480e+002	  1.3685286e+002	  1.3719081e+002	  9.1707034e+001	  9.2632466e+001	  8.7289978e+001	  9.5059823e+001	
  1.3295344e+002	  1.3465323e+002	  1.3415294e+002	  1.3508268e+002	  1.8017391e+002	  1.8303719e+002	  1.7802390e+002	  1.7984550e+002	  1.1011526e+002	  1.1159392e+002	  1.0908215e+002	  1.0975316e+002	  1.8022896e+002	  1.7440247e+002	  1.7749357e+002	  1.8285612e+002	  1.1617418e+002	  1.1650157e+002	  1.2191338e+002	  1.1591159e+002	
  1.6178150e+002	  1.6408973e+002	  1.6391943e+002	  1.6563850e+002	  1.3935577e+002	  1.3916947e+002	  1.4627608e+002	  1.4598573e+002	  2.0063668e+002	  2.0168346e+002	  2.0444078e+002	  2.0309424e+002	  1.7118890e+002	  1.6944699e+002	  1.7434542e+002	  1.7033782e+002	  1.9406002e+002	  1.9460384e+002	  1.9490613e+002	  1.9597423e+002	
  1.0218522e+002	  1.0481883e+002	  1.0123788e+002	  9.8933473e+001	  7.7524950e+001	  8.4130693e+001	  8.1693961e+001	  7.6938595e+001	  1.7137526e+002	  1.7555130e+002	  1.7437728e+002	  1.7231063e+002	  9.1164180e+001	  8.2542029e+001	  8.9905245e+001	  9.7065789e+001	  1.0472098e+002	  1.1076296e+002	  1.0564603e+002	  1.0579131e+002	
  4.5976535e+001	  3.9892423e+001	  4.1130008e+001	  4.6898224e+001	  6.1446700e+001	  8.0351220e+001	  6.8099716e+001	  6.5524271e+001	  1.1669603e+002	  1.1590043e+002	  1.1685142e+002	  1.1819546e+002	  6.6501299e+001	  7.2603605e+001	  6.3374224e+001	  6.9902176e+001	  1.0112136e+002	  1.0104720e+002	  1.0101186e+002	  1.0144075e+002	
  1.4893443e+002	  1.5175064e+002	  1.5140385e+002	  1.5149265e+002	  1.4207732e+002	  1.4229058e+002	  1.3790672e+002	  1.4109402e+002	  1.7932146e+002	  1.8157382e+002	  1.8320685e+002	  1.7472153e+002	  1.6182036e+002	  1.6416151e+002	  1.6769471e+002	  1.6285307e+002	  1.6446640e+002	  1.6408559e+002	  1.6630030e+002	  1.6863543e+002	
  1.3465407e+002	  1.3436483e+002	  1.4176911e+002	  1.3472348e+002	  1.8900222e+002	  1.9289836e+002	  1.8738625e+002	  1.9080628e+002	  1.5990747e+002	  1.5713942e+002	  1.5427495e+002	  1.5217975e+002	  1.2947387e+002	  1.3723394e+002	  1.3096476e+002	  1.2773903e+002	  1.9140096e+002	  1.9762763e+002	  2.0506970e+002	  2.0521054e+002	
  9.1351191e+001	  9.4708516e+001	  9.1652729e+001	  8.8413033e+001	  1.2321401e+002	  1.2277313e+002	  1.2532363e+002	  1.2118041e+002	  1.2016895e+002	  1.2465927e+002	  1.1781298e+002	  1.1922631e+002	  6.5913926e+001	  6.5129680e+001	  7.0983604e+001	  6.3397877e+001	  9.6918689e+001	  9.4757828e+001	  1.0521614e+002	  1.0542561e+002	
  1.3486073e+002	  1.3159534e+002	  1.3615090e+002	  1.3415796e+002	  1.3712780e+002	  1.3553219e+002	  1.3349363e+002	  1.3620915e+002	  1.2950180e+002	  1.3528309e+002	  1.3326319e+002	  1.3182043e+002	  1.4988528e+002	  1.4180886e+002	  1.4101219e+002	  1.3913221e+002	  1.5940873e+002	  1.6392489e+002	  1.5757619e+002	  1.6361903e+002	
  1.2280058e+002	  1.3070900e+002	  1.1963480e+002	  1.2490283e+002	  1.5624001e+002	  1.5289205e+002	  1.4826104e+002	  1.5306627e+002	  1.2714737e+002	  1.3175483e+002	  1.2321788e+002	  1.2710051e+002	  1.0344517e+002	  9.7761701e+001	  1.0904531e+002	  1.0243496e+002	  1.6793808e+002	  1.6286688e+002	  1.6871118e+002	  1.6495869e+002	
  9.4457194e+001	  9.4502553e+001	  1.0047006e+002	  1.1003391e+002	  1.3526121e+002	  1.2646557e+002	  1.3629669e+002	  1.2999406e+002	  1.0657082e+002	  1.0128808e+002	  9.4084209e+001	  1.0811025e+002	  1.0828919e+002	  1.0551243e+002	  9.7564420e+001	  1.0403862e+002	  9.3050628e+001	  9.9146631e+001	  9.7909064e+001	  9.7019016e+001	
  5.2753640e+001	  5.7148446e+001	  5.4286457e+001	  4.7725936e+001	  7.1364833e+001	  7.6886150e+001	  7.1546238e+001	  7.1534861e+001	  6.3061622e+001	  5.7141577e+001	  5.0867950e+001	  5.2263327e+001	  4.1967421e+001	  2.8764909e+001	  3.1855294e+001	  2.7636526e+001	  7.2703577e+001	  7.5000536e+001	  7.8459703e+001	  7.7296593e+001	
  7.6977643e+001	  7.1164150e+001	  7.2177153e+001	  7.9373650e+001	  9.1697599e+001	  7.9933895e+001	  8.4012433e+001	  8.9197163e+001	  8.0812347e+001	  7.2188818e+001	  7.6890849e+001	  7.5632690e+001	  6.7744947e+001	  5.8968185e+001	  7.4545211e+001	  6.7215755e+001	  6.6618166e+001	  7.1911878e+001	  7.2454841e+001	  6.4835970e+001	
  1.2670436e+002	  1.2488057e+002	  1.3585284e+002	  1.2358290e+002	  1.3824460e+002	  1.4299243e+002	  1.4118675e+002	  1.3531453e+002	  1.2251229e+002	  1.1486327e+002	  1.1716876e+002	  1.1331316e+002	  1.4131428e+002	  1.4165562e+002	  1.3782058e+002	  1.3834934e+002	  1.3095574e+002	  1.2700738e+002	  1.2819843e+002	  1.3037876e+002	
  1.1892355e+002	  1.1403376e+002	  1.1421499e+002	  1.1216023e+002	  1.1145839e+002	  1.1510028e+002	  1.2186649e+002	  1.1363319e+002	  1.7696470e+002	  1.7664657e+002	  1.8088980e+002	  1.7351136e+002	  1.1422785e+002	  9.9356200e+001	  1.0423712e+002	  9.8621581e+001	  1.6256829e+002	  1.6444389e+002	  1.6296627e+002	  1.5919000e+002	
  1.7166490e+002	  1.6380542e+002	  1.6644158e+002	  1.6381531e+002	  1.7609950e+002	  1.8064119e+002	  1.8107799e+002	  1.8852203e+002	  1.5892099e+002	  1.5149016e+002	  1.5533511e+002	  1.5319872e+002	  1.4631123e+002	  1.4558230e+002	  1.5015613e+002	  1.4404584e+002	  1.5617695e+002	  1.5532978e+002	  1.5311068e+002	  1.6399914e+002	
  9.8929204e+001	  9.3254349e+001	  1.0331811e+002	  9.7788343e+001	  1.0775908e+002	  1.1109359e+002	  1.1123144e+002	  1.1065971e+002	  6.5679658e+001	  6.3332167e+001	  5.9966625e+001	  5.7517842e+001	  1.0019046e+002	  9.8925726e+001	  9.8970187e+001	  1.0454487e+002	  8.4246622e+001	  9.1807351e+001	  1.0372599e+002	  9.2552693e+001	
  9.6337371e+001	  9.0754689e+001	  9.8584207e+001	  1.0145426e+002	  1.2603244e+002	  1.3127541e+002	  1.2734876e+002	  1.3567518e+002	  1.3440915e+002	  1.3646140e+002	  1.3318987e+002	  1.3349106e+002	  1.1358390e+002	  1.0586144e+002	  1.1138917e+002	  1.1304139e+002	  1.4534537e+002	  1.5409264e+002	  1.5448026e+002	  1.4984877e+002	
  1.6507746e+002	  1.5879497e+002	  1.6015264e+002	  1.5832669e+002	  1.5327613e+002	  1.5548231e+002	  1.4274064e+002	  1.5523108e+002	  1.4868455e+002	  1.4463033e+002	  1.4110250e+002	  1.3635130e+002	  9.3525808e+001	  8.5523915e+001	  9.1159511e+001	  8.8178759e+001	  1.4039817e+002	  1.4318657e+002	  1.4103218e+002	  1.4159883e+002	
  1.2825927e+002	  1.2730157e+002	  1.2636714e+002	  1.2941207e+002	  1.1303068e+002	  1.0501525e+002	  1.0507341e+002	  1.1021476e+002	  1.6227263e+002	  1.5981066e+002	  1.5791787e+002	  1.6309313e+002	  7.2394593e+001	  7.4973314e+001	  7.6287252e+001	  6.8486381e+001	  1.3305746e+002	  1.3100352e+002	  1.2944576e+002	  1.3248052e+002	
  1.4031613e+002	  1.3969941e+002	  1.3533856e+002	  1.4198881e+002	  1.4729392e+002	  1.5212536e+002	  1.4680479e+002	  1.5177446e+002	  1.5374998e+002	  1.5725105e+002	  1.6140174e+002	  1.5740032e+002	  1.1790418e+002	  1.3440947e+002	  1.2073160e+002	  1.2458093e+002	  1.1655421e+002	  1.0721605e+002	  1.0800709e+002	  1.0515147e+002	
  1.4551824e+002	  1.3768914e+002	  1.3901916e+002	  1.3543762e+002	  1.2448246e+002	  1.1985311e+002	  1.2865218e+002	  1.1950970e+002	  1.2925646e+002	  1.3553098e+002	  1.2844913e+002	  1.3370526e+002	  1.1684227e+002	  1.1855671e+002	  1.1504453e+002	  1.1710602e+002	  1.1205278e+002	  1.1341773e+002	  1.1525792e+002	  1.2226533e+002	
  8.1199655e+001	  8.7793660e+001	  7.4103657e+001	  9.1712108e+001	  9.7846509e+001	  9.6666778e+001	  9.4086355e+001	  1.0130338e+002	  1.0569459e+002	  1.0315945e+002	  1.0129257e+002	  9.6102561e+001	  1.1887222e+002	  1.1643779e+002	  1.0876495e+002	  1.1685114e+002	  9.3103803e+001	  9.2214254e+001	  9.2223822e+001	  8.9489241e+001	
  1.2391532e+002	  1.2505315e+002	  1.3377762e+002	  1.3790953e+002	  1.2232845e+002	  1.1427402e+002	  1.1250668e+002	  1.1123828e+002	  1.1820049e+002	  1.1359726e+002	  1.1423658e+002	  1.0820361e+002	  1.2735910e+002	  1.3507125e+002	  1.2876188e+002	  1.3274095e+002	  1.6380387e+002	  1.6175508e+002	  1.6106263e+002	  1.6405789e+002	
  1.4371749e+002	  1.3527429e+002	  1.4006073e+002	  1.4328634e+002	  1.5732984e+002	  1.5245427e+002	  1.5216324e+002	  1.5655505e+002	  1.4335567e+002	  1.4220480e+002	  1.3603681e+002	  1.5151826e+002	  1.3859036e+002	  1.3912098e+002	  1.3867859e+002	  1.3452712e+002	  1.2320864e+002	  1.1938855e+002	  1.1163792e+002	  1.2234353e+002	
  8.7882333e+001	  9.2204474e+001	  9.5422382e+001	  9.7594988e+001	  5.8804076e+001	  5.2608174e+001	  5.8979971e+001	  6.2486956e+001	  9.5238310e+001	  9.0719653e+001	  9.0676422e+001	  8.9396458e+001	  4.9295452e+001	  4.2937617e+001	  3.7721656e+001	  4.4687633e+001	  7.3829965e+001	  6.9239680e+001	  6.9192782e+001	  7.7079625e+001	
  1.0314353e+002	  1.1137063e+002	  1.1124708e+002	  1.1129971e+002	  1.4777590e+002	  1.4929385e+002	  1.4609620e+002	  1.4025895e+002	  1.2310536e+002	  1.1525654e+002	  1.1801143e+002	  1.1550913e+002	  1.0024468e+002	  9.7704207e+001	  1.0095963e+002	  1.0455916e+002	  1.2017882e+002	  1.0655447e+002	  1.0753557e+002	  1.1014016e+002	
  9.3374950e+001	  9.3649366e+001	  8.8699739e+001	  9.2093668e+001	  1.3446848e+002	  1.2759352e+002	  1.3862510e+002	  1.3598636e+002	  1.6301343e+002	  1.5279667e+002	  1.5226214e+002	  1.5658511e+002	  1.6201732e+002	  1.6768843e+002	  1.5823198e+002	  1.6968205e+002	  1.8984949e+002	  1.9062755e+002	  1.8527397e+002	  1.8869798e+002	
  8.7449286e+001	  9.8661234e+001	  8.8711855e+001	  9.9690161e+001	  1.3080045e+002	  1.2719631e+002	  1.3790087e+002	  1.3339135e+002	  5.3834015e+001	  6.1785301e+001	  5.8801553e+001	  5.7834003e+001	  1.2535584e+002	  1.2811146e+002	  1.3197374e+002	  1.2598109e+002	  7.9141251e+001	  8.0777559e+001	  8.1539463e+001	  8.0549264e+001	
  1.8093990e+002	  1.8112276e+002	  1.7738359e+002	  1.8138878e+002	  1.2514505e+002	  1.2031756e+002	  1.2406098e+002	  1.1540205e+002	  1.4173790e+002	  1.4152982e+002	  1.3389648e+002	  1.3100061e+002	  1.0269074e+002	  9.7281244e+001	  1.0478701e+002	  1.0290954e+002	  1.1430178e+002	  1.1448285e+002	  1.1544860e+002	  1.2339748e+002	
  1.1799409e+002	  1.1753768e+002	  1.1770217e+002	  1.1725565e+002	  1.1657365e+002	  1.1604137e+002	  1.0886706e+002	  1.1435873e+002	  1.2656714e+002	  1.2562268e+002	  1.2624868e+002	  1.3681729e+002	  9.1161338e+001	  9.5894362e+001	  8.8954109e+001	  8.0896753e+001	  1.0682151e+002	  1.0962089e+002	  1.0432095e+002	  1.1218770e+002	
  1.6976531e+002	  1.6195636e+002	  1.5999325e+002	  1.6340543e+002	  1.5286783e+002	  1.4874782e+002	  1.5579742e+002	  1.5055173e+002	  1.4813228e+002	  1.4799272e+002	  1.4826909e+002	  1.4858178e+002	  1.3021228e+002	  1.2457082e+002	  1.2155292e+002	  1.2579287e+002	  1.7419432e+002	  1.7686060e+002	  1.7258816e+002	  1.7724861e+002	
  1.5494547e+002	  1.4879938e+002	  1.5575958e+002	  1.5562619e+002	  1.9181875e+002	  1.9133786e+002	  2.0016714e+002	  1.8880404e+002	  1.4250153e+002	  1.4927327e+002	  1.5467351e+002	  1.4603822e+002	  1.2321332e+002	  1.2000428e+002	  1.2459726e+002	  1.2060591e+002	  1.1238244e+002	  1.1192578e+002	  1.1207991e+002	  1.0191320e+002	
  1.2161745e+002	  1.2072772e+002	  1.2231934e+002	  1.2098135e+002	  1.2961771e+002	  1.2648038e+002	  1.2771237e+002	  1.2674226e+002	  1.1773715e+002	  1.2012349e+002	  1.2235942e+002	  1.1707886e+002	  8.8895375e+001	  9.2491513e+001	  8.8244033e+001	  9.6203049e+001	  5.2618417e+001	  4.7348144e+001	  4.6806935e+001	  4.2077063e+001	
  1.3269396e+002	  1.3287519e+002	  1.3117835e+002	  1.3104208e+002	  1.4312291e+002	  1.4235411e+002	  1.4917455e+002	  1.5062506e+002	  1.4562563e+002	  1.4686681e+002	  1.4453710e+002	  1.4423105e+002	  1.1102769e+002	  1.1121217e+002	  1.1089257e+002	  1.1329411e+002	  1.6434943e+002	  1.6696264e+002	  1.6430794e+002	  1.5869979e+002	
  1.5477360e+002	  1.5167891e+002	  1.4744968e+002	  1.5448147e+002	  1.7309818e+002	  1.7118952e+002	  1.6283075e+002	  1.7036131e+002	  1.7541262e+002	  1.6676735e+002	  1.7217024e+002	  1.6933277e+002	  1.2674274e+002	  1.2801913e+002	  1.3431026e+002	  1.3344820e+002	  1.6883792e+002	  1.7676931e+002	  1.7286863e+002	  1.6687691e+002	
  1.3217463e+002	  1.3547417e+002	  1.3492605e+002	  1.3886617e+002	  1.5737081e+002	  1.5606681e+002	  1.5998836e+002	  1.5730007e+002	  1.4538543e+002	  1.4488966e+002	  1.4717144e+002	  1.4239185e+002	  1.1018114e+002	  1.0657281e+002	  1.0009126e+002	  1.1045904e+002	  1.4753650e+002	  1.4408633e+002	  1.4494883e+002	  1.4808352e+002	
  1.6200376e+002	  1.6376928e+002	  1.5684738e+002	  1.5587182e+002	  1.2891862e+002	  1.3171382e+002	  1.3160938e+002	  1.2962193e+002	  1.3600770e+002	  1.2614345e+002	  1.3474419e+002	  1.3295437e+002	  1.3815892e+002	  1.4134485e+002	  1.3995600e+002	  1.3842525e+002	  6.4912496e+001	  6.4558140e+001	  5.6687548e+001	  6.7785166e+001	
  7.2057619e+001	  7.2503753e+001	  7.4761492e+001	  7.5729391e+001	  6.2522042e+001	  6.5343309e+001	  6.5112020e+001	  6.5955627e+001	  9.3955790e+001	  1.0023639e+002	  1.0013221e+002	  9.6753297e+001	  6.4619632e+001	  6.7069437e+001	  6.3562993e+001	  6.5615125e+001	  6.6939830e+001	  6.9958808e+001	  6.5864732e+001	  7.1310640e+001	
  1.4586797e+002	  1.5329011e+002	  1.4340147e+002	  1.4585820e+002	  1.6048120e+002	  1.6271239e+002	  1.5821261e+002	  1.6376855e+002	  1.0012483e+002	  9.9708778e+001	  1.0043838e+002	  9.9421867e+001	  1.4929415e+002	  1.4620481e+002	  1.4770864e+002	  1.5483773e+002	  1.4134110e+002	  1.5385090e+002	  1.5095120e+002	  1.4351793e+002	
  9.2234095e+001	  8.8584186e+001	  9.0294685e+001	  9.3655411e+001	  1.6840408e+002	  1.7051197e+002	  1.7200264e+002	  1.7083750e+002	  1.3854308e+002	  1.4549463e+002	  1.5454667e+002	  1.5131028e+002	  7.1568836e+001	  7.5192318e+001	  7.1095039e+001	  6.8022537e+001	  1.3345735e+002	  1.3531617e+002	  1.2891270e+002	  1.3371606e+002	
  8.9913876e+001	  8.7719469e+001	  9.1517274e+001	  9.1972160e+001	  1.1389766e+002	  1.1581778e+002	  1.1385214e+002	  1.2433302e+002	  1.1131934e+002	  1.0887061e+002	  1.2029335e+002	  1.1452436e+002	  1.5884159e+002	  1.5489585e+002	  1.4982112e+002	  1.5106571e+002	  1.1314301e+002	  1.2846679e+002	  1.1936885e+002	  1.1903904e+002	
  1.6011216e+002	  1.5366301e+002	  1.5819660e+002	  1.6266484e+002	  1.6250849e+002	  1.5138533e+002	  1.6853066e+002	  1.6609290e+002	  1.6347378e+002	  1.6094419e+002	  1.6507498e+002	  1.6333402e+002	  1.2306885e+002	  1.3079483e+002	  1.2588256e+002	  1.3006898e+002	  1.7572835e+002	  1.6962933e+002	  1.7390158e+002	  1.6439020e+002	
  1.3990498e+002	  1.4093706e+002	  1.3579144e+002	  1.4005413e+002	  1.7898705e+002	  1.6943583e+002	  1.7485162e+002	  1.7790939e+002	  1.7573986e+002	  1.7798214e+002	  1.6843167e+002	  1.6738926e+002	  1.8310906e+002	  1.7983728e+002	  1.8924197e+002	  1.8401469e+002	  1.8545223e+002	  1.8970075e+002	  1.8574314e+002	  1.8127064e+002	
  1.2991838e+002	  1.3093490e+002	  1.3152199e+002	  1.2864071e+002	  1.3430103e+002	  1.4620135e+002	  1.4529032e+002	  1.3797920e+002	  1.5220874e+002	  1.4778010e+002	  1.5358100e+002	  1.5335383e+002	  1.2945031e+002	  1.2985012e+002	  1.3284424e+002	  1.3453369e+002	  1.5915167e+002	  1.5691898e+002	  1.6364004e+002	  1.5720930e+002	
  1.3371642e+002	  1.3282581e+002	  1.2590370e+002	  1.3214854e+002	  1.4144825e+002	  1.4259851e+002	  1.4458613e+002	  1.5060658e+002	  1.3335105e+002	  1.3933828e+002	  1.2996776e+002	  1.4268427e+002	  1.2646531e+002	  1.2402526e+002	  1.1782069e+002	  1.2855249e+002	  1.4516740e+002	  1.5151189e+002	  1.4581450e+002	  1.4467441e+002	
  1.4468862e+002	  1.4353949e+002	  1.4052269e+002	  1.3745646e+002	  1.0135793e+002	  9.9915423e+001	  9.9113045e+001	  1.0574125e+002	  1.2870566e+002	  1.3195880e+002	  1.3249031e+002	  1.2297139e+002	  1.2444438e+002	  1.2708842e+002	  1.3037676e+002	  1.2427168e+002	  1.5306801e+002	  1.5347950e+002	  1.5853247e+002	  1.6147466e+002	
  1.3417426e+002	  1.2425181e+002	  1.2241884e+002	  1.2303987e+002	  1.4916275e+002	  1.5032521e+002	  1.4595113e+002	  1.4782787e+002	  1.8451115e+002	  1.8276782e+002	  1.8511813e+002	  1.8200158e+002	  1.5581659e+002	  1.4590712e+002	  1.4870391e+002	  1.4615777e+002	  1.6969049e+002	  1.6916730e+002	  1.7061735e+002	  1.7738965e+002	
  9.7444747e+001	  9.6728832e+001	  9.3815054e+001	  9.5077787e+001	  6.6848464e+001	  6.4975695e+001	  6.9413148e+001	  6.0961992e+001	  1.5400991e+002	  1.5365929e+002	  1.6009657e+002	  1.5604967e+002	  1.1343915e+002	  1.1618668e+002	  1.1799500e+002	  1.1996495e+002	  1.0207327e+002	  9.6338649e+001	  1.0884177e+002	  9.5241764e+001	
  1.0598779e+002	  1.0475503e+002	  1.0892329e+002	  1.0597559e+002	  1.4771207e+002	  1.4902346e+002	  1.4683233e+002	  1.5326589e+002	  1.1537727e+002	  1.0612613e+002	  1.1044769e+002	  1.1059322e+002	  7.3962231e+001	  7.8596705e+001	  7.7418575e+001	  7.0691771e+001	  1.3595011e+002	  1.3796068e+002	  1.3959030e+002	  1.4061891e+002	
  1.3515703e+002	  1.3148457e+002	  1.2898695e+002	  1.3822513e+002	  1.4600348e+002	  1.4143210e+002	  1.4291151e+002	  1.4307871e+002	  1.1575276e+002	  1.1664134e+002	  1.1118719e+002	  1.1232975e+002	  1.3609736e+002	  1.3473564e+002	  1.3310051e+002	  1.3442732e+002	  1.4389745e+002	  1.4747871e+002	  1.5255304e+002	  1.4749152e+002	
  9.6631906e+001	  1.0685474e+002	  1.0134114e+002	  1.0966805e+002	  1.3963004e+002	  1.4253991e+002	  1.4306067e+002	  1.4168312e+002	  1.0848978e+002	  1.0103697e+002	  9.4028298e+001	  1.0327010e+002	  9.3131568e+001	  8.1746009e+001	  8.6509086e+001	  8.5107163e+001	  1.2367997e+002	  1.3256371e+002	  1.2795229e+002	  1.2891396e+002	
  1.1229024e+002	  1.1293934e+002	  1.0836054e+002	  1.1281165e+002	  7.7637011e+001	  7.3117328e+001	  7.5287484e+001	  7.8617517e+001	  8.9153887e+001	  9.5226415e+001	  9.0655651e+001	  9.5702074e+001	  1.0977120e+002	  1.0790309e+002	  1.0353481e+002	  1.0800926e+002	  6.7538458e+001	  7.3415465e+001	  6.9488639e+001	  7.5573125e+001	
  7.8205095e+001	  6.8493434e+001	  7.5533518e+001	  8.2795555e+001	  9.8680993e+001	  9.8492448e+001	  8.8061877e+001	  1.0102956e+002	  1.1549248e+002	  1.0949627e+002	  1.0767905e+002	  1.0950497e+002	  1.1117429e+002	  1.1902545e+002	  1.1226558e+002	  1.1872109e+002	  7.5520936e+001	  7.6152268e+001	  7.8874534e+001	  8.0070848e+001	
  1.0245513e+002	  8.7803577e+001	  9.8413683e+001	  9.8940551e+001	  1.1488188e+002	  1.2019655e+002	  1.2347744e+002	  1.2524724e+002	  1.2430928e+002	  1.2271627e+002	  1.2633272e+002	  1.1918099e+002	  1.0249125e+002	  9.7790272e+001	  9.8854746e+001	  9.9295259e+001	  1.3602623e+002	  1.3843358e+002	  1.3595091e+002	  1.3973441e+002	
