1.81748e-100 1.81648e-100 1.81533e-100 1.81422e-100 1.89907e-100 1.89811e-100 1.89746e-100 1.89713e-100 1.89458e-100 1.89197e-100 1.88929e-100 1.8865e-100 1.88358e-100 1.88051e-100 1.87725e-100 1.68741e-100 1.6888e-100 1.69016e-100 1.69151e-100 1.69283e-100 1.69413e-100 1.6954e-100 1.69665e-100 1.69788e-100 1.69908e-100 1.70026e-100 1.70142e-100 1.70255e-100 1.70366e-100 1.70474e-100 
0.280157 0.280157 0.280157 0.280157 0.243438 0.243438 0.243438 0.243438 0.243438 0.243438 0.243438 0.243438 0.243438 0.243438 0.243438 0.278546 0.278546 0.278546 0.278546 0.278546 0.278546 0.278546 0.278546 0.278546 0.278546 0.278546 0.278546 0.278546 0.278546 0.278546 
7.20696e-101 7.20968e-101 7.21279e-101 7.21581e-101 6.98931e-101 6.9919e-101 6.99367e-101 6.99457e-101 7.00151e-101 7.00861e-101 7.01592e-101 7.0235e-101 7.03143e-101 7.03978e-101 7.04865e-101 7.56696e-101 7.56316e-101 7.55941e-101 7.55573e-101 7.55212e-101 7.54856e-101 7.54507e-101 7.54165e-101 7.53828e-101 7.53499e-101 7.53176e-101 7.52859e-101 7.52549e-101 7.52245e-101 7.51948e-101 
1.51185e-101 1.51755e-101 1.52406e-101 1.53038e-101 1.04853e-101 1.05394e-101 1.05766e-101 1.05954e-101 1.07406e-101 1.08891e-101 1.1042e-101 1.12007e-101 1.13666e-101 1.15413e-101 1.17269e-101 2.25391e-101 2.24599e-101 2.23821e-101 2.23055e-101 2.22302e-101 2.21562e-101 2.20836e-101 2.20123e-101 2.19424e-101 2.18739e-101 2.18067e-101 2.17408e-101 2.16763e-101 2.16131e-101 2.15513e-101 
1.38322e-100 1.3838e-100 1.38446e-100 1.38511e-100 1.3357e-100 1.33625e-100 1.33663e-100 1.33682e-100 1.3383e-100 1.33982e-100 1.34138e-100 1.34299e-100 1.34468e-100 1.34646e-100 1.34836e-100 1.45842e-100 1.45762e-100 1.45682e-100 1.45605e-100 1.45528e-100 1.45453e-100 1.45379e-100 1.45306e-100 1.45235e-100 1.45166e-100 1.45097e-100 1.4503e-100 1.44965e-100 1.449e-100 1.44838e-100 
3.02907e-101 3.00979e-101 2.98775e-101 2.96637e-101 4.59537e-101 4.57705e-101 4.56447e-101 4.55812e-101 4.50897e-101 4.45872e-101 4.40698e-101 4.35329e-101 4.29715e-101 4.23801e-101 4.17521e-101 5.15791e-102 5.42579e-102 5.68937e-102 5.9486e-102 6.20344e-102 6.45381e-102 6.69966e-102 6.94095e-102 7.17763e-102 7.40968e-102 7.63712e-102 7.86e-102 8.07841e-102 8.29234e-102 8.50168e-102 
2.11009e-100 2.10695e-100 2.10335e-100 2.09986e-100 2.36667e-100 2.36368e-100 2.36163e-100 2.3606e-100 2.35258e-100 2.34438e-100 2.33594e-100 2.32718e-100 2.31802e-100 2.30838e-100 2.29813e-100 1.70164e-100 1.706e-100 1.7103e-100 1.71452e-100 1.71867e-100 1.72275e-100 1.72675e-100 1.73068e-100 1.73454e-100 1.73832e-100 1.74202e-100 1.74565e-100 1.74921e-100 1.7527e-100 1.75611e-100 
-2.64053e-100 -2.63904e-100 -2.63734e-100 -2.63569e-100 -2.76249e-100 -2.76108e-100 -2.76011e-100 -2.75962e-100 -2.75582e-100 -2.75195e-100 -2.74795e-100 -2.74381e-100 -2.73947e-100 -2.73491e-100 -2.73006e-100 -2.44803e-100 -2.45009e-100 -2.45212e-100 -2.45411e-100 -2.45607e-100 -2.458e-100 -2.45989e-100 -2.46175e-100 -2.46357e-100 -2.46536e-100 -2.46711e-100 -2.46882e-100 -2.4705e-100 -2.47215e-100 -2.47376e-100 
1.0595e-100 1.05784e-100 1.05594e-100 1.0541e-100 1.19519e-100 1.19361e-100 1.19253e-100 1.19198e-100 1.18775e-100 1.18343e-100 1.17897e-100 1.17435e-100 1.16952e-100 1.16443e-100 1.15903e-100 8.44473e-101 8.46774e-101 8.49038e-101 8.51264e-101 8.53452e-101 8.55602e-101 8.57713e-101 8.59785e-101 8.61818e-101 8.6381e-101 8.65763e-101 8.67677e-101 8.69552e-101 8.71388e-101 8.73186e-101 
2.97799e-100 2.97758e-100 2.97711e-100 2.97666e-100 3.01204e-100 3.01165e-100 3.01138e-100 3.01125e-100 3.0102e-100 3.00913e-100 3.00803e-100 3.00689e-100 3.0057e-100 3.00444e-100 3.0031e-100 2.92559e-100 2.92616e-100 2.92672e-100 2.92726e-100 2.9278e-100 2.92833e-100 2.92885e-100 2.92936e-100 2.92986e-100 2.93035e-100 2.93083e-100 2.9313e-100 2.93176e-100 2.93221e-100 2.93265e-100 
-2.34054e-100 -2.33999e-100 -2.33936e-100 -2.33876e-100 -2.38546e-100 -2.38494e-100 -2.38459e-100 -2.38441e-100 -2.38301e-100 -2.38159e-100 -2.38012e-100 -2.37859e-100 -2.377e-100 -2.37532e-100 -2.37354e-100 -2.26988e-100 -2.27064e-100 -2.27138e-100 -2.27212e-100 -2.27284e-100 -2.27355e-100 -2.27424e-100 -2.27492e-100 -2.27559e-100 -2.27625e-100 -2.27689e-100 -2.27752e-100 -2.27814e-100 -2.27874e-100 -2.27934e-100 
1.09183e-100 1.09267e-100 1.09364e-100 1.09457e-100 1.02413e-100 1.02493e-100 1.02548e-100 1.02576e-100 1.0279e-100 1.0301e-100 1.03236e-100 1.0347e-100 1.03715e-100 1.03974e-100 1.04248e-100 1.20258e-100 1.2014e-100 1.20025e-100 1.19911e-100 1.198e-100 1.1969e-100 1.19582e-100 1.19476e-100 1.19373e-100 1.19271e-100 1.19171e-100 1.19074e-100 1.18978e-100 1.18884e-100 1.18792e-100 
-4.74017e-101 -4.74367e-101 -4.74767e-101 -4.75155e-101 -4.45216e-101 -4.45548e-101 -4.45777e-101 -4.45892e-101 -4.46783e-101 -4.47695e-101 -4.48633e-101 -4.49607e-101 -4.50626e-101 -4.51699e-101 -4.52838e-101 -5.18845e-101 -5.18363e-101 -5.17888e-101 -5.17421e-101 -5.16962e-101 -5.16512e-101 -5.16069e-101 -5.15635e-101 -5.15209e-101 -5.14791e-101 -5.14382e-101 -5.13981e-101 -5.13588e-101 -5.13204e-101 -5.12827e-101 
1.82906e-100 1.82943e-100 1.82985e-100 1.83026e-100 1.79963e-100 1.79998e-100 1.80023e-100 1.80035e-100 1.80129e-100 1.80225e-100 1.80324e-100 1.80427e-100 1.80535e-100 1.80648e-100 1.80769e-100 1.87807e-100 1.87756e-100 1.87705e-100 1.87655e-100 1.87606e-100 1.87557e-100 1.8751e-100 1.87463e-100 1.87418e-100 1.87373e-100 1.87329e-100 1.87286e-100 1.87244e-100 1.87202e-100 1.87162e-100 
1.346e-98 1.35335e-98 1.36035e-98 1.36433e-98 4.26039e-36 4.26039e-36 4.26039e-36 4.26039e-36 4.26039e-36 4.26039e-36 4.26039e-36 4.26039e-36 4.26039e-36 4.26039e-36 4.26039e-36 9.57635e-99 9.62915e-99 9.68207e-99 9.73511e-99 9.78829e-99 9.84158e-99 9.895e-99 9.94855e-99 1.00022e-98 1.00561e-98 1.011e-98 1.01642e-98 1.02186e-98 1.02732e-98 1.03281e-98 
-3.8013e-101 -3.79692e-101 -3.79191e-101 -3.78705e-101 -4.15906e-101 -4.15489e-101 -4.15203e-101 -4.15059e-101 -4.13942e-101 -4.128e-101 -4.11624e-101 -4.10404e-101 -4.09128e-101 -4.07784e-101 -4.06357e-101 -3.23264e-101 -3.23872e-101 -3.2447e-101 -3.25058e-101 -3.25636e-101 -3.26205e-101 -3.26762e-101 -3.2731e-101 -3.27847e-101 -3.28373e-101 -3.28889e-101 -3.29395e-101 -3.2989e-101 -3.30376e-101 -3.30851e-101 
2.24012e-100 2.23957e-100 2.23893e-100 2.23832e-100 2.28503e-100 2.28451e-100 2.28414e-100 2.28396e-100 2.28255e-100 2.2811e-100 2.27961e-100 2.27807e-100 2.27646e-100 2.27476e-100 2.27295e-100 2.16767e-100 2.16844e-100 2.1692e-100 2.16995e-100 2.17068e-100 2.1714e-100 2.17211e-100 2.1728e-100 2.17348e-100 2.17415e-100 2.17481e-100 2.17545e-100 2.17608e-100 2.17669e-100 2.17729e-100 
-1.71405e-100 -1.71366e-100 -1.71321e-100 -1.71278e-100 -1.74633e-100 -1.74596e-100 -1.74571e-100 -1.74558e-100 -1.74459e-100 -1.74358e-100 -1.74253e-100 -1.74145e-100 -1.74032e-100 -1.73912e-100 -1.73786e-100 -1.66432e-100 -1.66486e-100 -1.66539e-100 -1.66591e-100 -1.66642e-100 -1.66692e-100 -1.66741e-100 -1.66789e-100 -1.66837e-100 -1.66883e-100 -1.66929e-100 -1.66973e-100 -1.67017e-100 -1.6706e-100 -1.67102e-100 
-8.26385e-101 -8.2371e-101 -8.20652e-101 -8.17687e-101 -1.04435e-100 -1.04181e-100 -1.04007e-100 -1.03919e-100 -1.03237e-100 -1.0254e-100 -1.01822e-100 -1.01077e-100 -1.00299e-100 -9.94781e-101 -9.86071e-101 -4.78739e-101 -4.82451e-101 -4.86104e-101 -4.89696e-101 -4.93228e-101 -4.96697e-101 -5.00104e-101 -5.03447e-101 -5.06727e-101 -5.09942e-101 -5.13094e-101 -5.16182e-101 -5.19208e-101 -5.22172e-101 -5.25073e-101 
-1.07398e-100 -1.07373e-100 -1.07344e-100 -1.07317e-100 -1.09439e-100 -1.09415e-100 -1.09399e-100 -1.09391e-100 -1.09327e-100 -1.09262e-100 -1.09195e-100 -1.09126e-100 -1.09053e-100 -1.08976e-100 -1.08895e-100 -1.04166e-100 -1.04201e-100 -1.04235e-100 -1.04268e-100 -1.04301e-100 -1.04334e-100 -1.04365e-100 -1.04397e-100 -1.04427e-100 -1.04457e-100 -1.04486e-100 -1.04515e-100 -1.04543e-100 -1.04571e-100 -1.04598e-100 
1.23912e-100 1.23994e-100 1.24088e-100 1.24179e-100 1.17267e-100 1.17345e-100 1.17398e-100 1.17425e-100 1.17634e-100 1.17848e-100 1.18068e-100 1.18297e-100 1.18535e-100 1.18787e-100 1.19054e-100 1.34631e-100 1.34517e-100 1.34405e-100 1.34295e-100 1.34186e-100 1.34079e-100 1.33975e-100 1.33872e-100 1.33771e-100 1.33672e-100 1.33576e-100 1.33481e-100 1.33388e-100 1.33296e-100 1.33207e-100 
1.91673e-98 1.92822e-98 1.94059e-98 1.95094e-98 1.68883e-98 1.69282e-98 1.69578e-98 1.69758e-98 1.70863e-98 1.7201e-98 1.73205e-98 1.74457e-98 1.75774e-98 1.77167e-98 1.78648e-98 0.343378 0.343378 0.343378 0.343378 0.343378 0.343378 0.343378 0.343378 0.343378 0.343378 0.343378 0.343378 0.343378 0.343378 0.343378 
7.31173e-101 7.28836e-101 7.26165e-101 7.23576e-101 9.21835e-101 9.19616e-101 9.18091e-101 9.17322e-101 9.11368e-101 9.05281e-101 8.99012e-101 8.92507e-101 8.85707e-101 8.78541e-101 8.70934e-101 4.27983e-101 4.31223e-101 4.34412e-101 4.37548e-101 4.4063e-101 4.43659e-101 4.46632e-101 4.49551e-101 4.52413e-101 4.5522e-101 4.57971e-101 4.60666e-101 4.63308e-101 4.65895e-101 4.68427e-101 
-4.55819e-100 -4.55557e-100 -4.55258e-100 -4.54968e-100 -4.77217e-100 -4.76969e-100 -4.76798e-100 -4.76712e-100 -4.76046e-100 -4.75365e-100 -4.74663e-100 -4.73935e-100 -4.73174e-100 -4.72372e-100 -4.71521e-100 -4.21972e-100 -4.22334e-100 -4.22691e-100 -4.23041e-100 -4.23386e-100 -4.23725e-100 -4.24057e-100 -4.24383e-100 -4.24704e-100 -4.25017e-100 -4.25325e-100 -4.25626e-100 -4.25922e-100 -4.26211e-100 -4.26494e-100 
-2.4855e-100 -2.48474e-100 -2.48386e-100 -2.48301e-100 -2.54804e-100 -2.54731e-100 -2.54682e-100 -2.54656e-100 -2.54462e-100 -2.54262e-100 -2.54057e-100 -2.53845e-100 -2.53622e-100 -2.53388e-100 -2.53139e-100 -2.38655e-100 -2.38761e-100 -2.38865e-100 -2.38968e-100 -2.39069e-100 -2.39168e-100 -2.39265e-100 -2.3936e-100 -2.39454e-100 -2.39546e-100 -2.39635e-100 -2.39724e-100 -2.3981e-100 -2.39894e-100 -2.39977e-100 
