783
554
1618
2935
318
4691
3866
1975
353
4663
4875
4583
3507
4566
4546
4926
4521
2103
2091
3440
3093
5266
4858
3882
4240
5264
4923
4903
3085
3494
694
1424
710
3505
2096
361
4907
4892
4152
4167
1378
3509
5612
2781
1362
1330
5585
5554
3502
4906
3152
364
2089
1405
5529
2099
5259
2432
4902
5596
2770
4241
2425
2780
5571
4794
5616
4227
5272
5273
4530
3144
3140
4887
4570
1754
3883
2093
1758
5263
2433
5569
1418
1410
3501
1761
5579
5268
5613
1419
4898
5206
693
3443
2714
4826
1420
1006
2428
1679
3823
2776
645
4238
3037
1067
4564
2773
2094
696
4222
2609
1753
4229
1771
4559
4247
4913
2712
3485
4223
5234
4230
699
2439
2427
2086
624
1341
1757
1411
1767
1769
4924
1335
3148
3143
3760
1070
2440
4534
367
5163
3878
349
5632
1301
1425
4191
3414
3142
677
5044
5530
5562
2771
2775
2338
2104
3956
5536
2843
2746
3797
2020
2759
5597
1684
1392
5169
5103
5267
2021
3471
5630
4881
3431
4364
5246
2436
1748
4802
4174
4132
2414
1459
3130
5532
3038
4572
758
4886
4565
432
5274
2877
3809
3136
1924
601
589
1018
2822
4622
286
4356
1041
5598
3795
33
1351
523
898
5253
3826
1043
2590
377
1065
416
4870
4786
5356
3358
4374
2713
873
997
289
4
2531
2993
2782
5369
161
5433
2429
445
4956
2407
3084
335
3317
2476
5207
1319
3539
3824
2431
1314
3403
5337
3827
1365
5498
2444
3305
1854
3415
1058
2028
703
2706
2370
5568
2754
4661
332
2821
3490
2704
458
733
1356
3925
4373
640
5122
1110
4261
1195
2038
2363
4449
1756
4820
4156
1325
4873
1789
1717
5590
167
790
630
260
637
58
2859
5284
4212
889
4734
5153
3548
3754
3767
5531
1007
4010
2976
2058
5017
4749
2468
1876
2114
2229
1926
2599
1223
1193
3710
3606
2539
4832
4106
1801
3277
4737
241
3330
2233
1901
4781
154
3016
1869
648
225
3659
1137
5392
4740
2591
904
511
3706
3390
5269
3230
620
1051
5089
3705
1481
4617
3243
2937
4916
1544
3259
3964
2616
1386
919
1927
3476
1852
1892
2636
493
2945
2726
678
1991
646
3491
4670
1231
1562
3948
782
4983
2610
789
1141
5105
936
5100
799
862
465
2654
2525
5287
3989
1285
595
5544
4021
1957
374
75
2240
1400
1606
3381
1856
3620
209
1960
4208
1185
2297
824
1297
5029
1585
4362
2917
3644
1973
4143
5191
4155
3332
1286
4594
2836
327
1489
2280
1997
1269
5387
4726
2546
3187
4653
2801
2797
319
1632
5450
3009
18
1591
1454
3034
3191
5555
1359
2226
4287
3117
3994
2358
4547
2085
3027
3044
4791
4490
3324
247
980
4710
4276
62
1843
4389
1310
2573
3718
1105
5452
5409
3024
4286
931
1609
2669
5322
3687
5538
5127
1538
1784
2745
8
880
5025
4780
282
1813
140
4204
876
561
4674
429
5328
4214
2598
2473
3467
2540
5156
4353
5480
264
2034
526
521
2152
2024
1466
4743
4742
2380
2322
4944
106
633
3932
3766
2260
877
849
174
5634
3460
4368
3593
3614
3004
30
2490
1681
1381
4042
2604
2131
331
4135
4459
2747
5391
1003
5414
4708
804
4970
2462
3702
3270
5416
3222
3615
2316
3764
4108
5115
2830
2962
51
4162
3319
4823
4595
2887
1916
1077
4550
4037
896
2478
3214
1191
3205
2027
3627
777
1629
819
2572
2958
1805
627
1187
1178
202
4602
4751
4009
1207
2001
632
1287
4974
5172
3961
2216
776
5462
979
5307
1083
3087
887
4692
1995
25
2579
1918
4533
2014
4672
50
3899
3160
4808
774
3371
4753
1621
3988
1234
1547
293
778
435
3908
868
4348
1236
4644
2577
2290
3771
2959
851
1742
3888
3663
4686
4384
3202
3562
4060
4325
1413
1565
279
310
2674
3429
4817
899
5042
5525
3631
1829
1896
5077
5395
590
760
3812
524
2646
1551
2974
1336
2619
3566
4912
4144
4149
1952
861
3282
3544
3568
2853
3452
2244
4748
2587
79
3395
124
4434
4488
2994
1326
3287
5034
475
2728
4508
1275
1870
3108
4636
3137
793
3534
245
5370
755
4234
1728
1441
1477
139
2939
4321
3543
4515
2500
4866
2998
224
1015
726
2076
3838
3997
2335
3036
2737
1633
2606
3189
137
1868
478
5114
4694
3975
5499
2309
988
1969
691
2516
1597
807
4750
5415
5451
2315
2657
3357
1639
2571
4901
5425
4647
744
4136
3447
2742
4216
1217
1244
1079
329
2326
2996
3605
5475
3732
5216
3155
3399
4941
2501
215
1581
5204
3979
3519
3829
3110
1963
5535
767
2829
87
454
2918
4651
4957
3524
3258
4113
4499
5097
3269
2893
313
1054
5015
4755
610
5344
4888
963
235
3487
5379
4109
448
2031
2576
4628
1114
2817
1653
801
3541
1527
1616
2302
866
510
529
494
4067
3835
1849
4705
70
5455
4821
158
415
2644
3389
4385
4836
2311
2253
426
1177
1112
865
587
2073
3677
4091
4951
4477
128
3470
3300
4707
1986
2906
4267
4080
2541
1390
66
2647
2392
504
1066
1144
2283
905
2113
3185
3109
3758
4701
4064
3678
684
4427
3914
3256
823
2608
5314
955
5355
3126
160
3712
1906
4999
960
903
5580
1283
3683
1907
4056
1955
5459
3295
5485
2249
4487
831
2495
2588
3307
1135
2828
2922
4444
3302
5513
2037
3808
2602
1017
5408
5550
1293
3564
3373
2880
3639
2672
4035
3067
281
580
411
2890
141
1525
2824
4693
401
1540
1587
4738
1352
4568
305
5016
372
5399
3074
864
5120
4086
4612
2723
3963
3462
1119
5484
4845
1120
5031
1020
2725
1867
5012
5561
1598
3922
5123
1505
3213
3858
430
1186
2156
1937
2224
206
157
1153
1167
498
621
2563
2615
3557
3376
4228
2332
687
1971
3786
294
1213
2900
4170
1183
5160
5226
4077
5165
2662
4613
3902
579
1638
3159
1004
3579
490
3976
2774
1464
148
816
3049
1063
4589
3575
2878
3246
4049
1221
4038
1380
4161
1127
3304
196
1611
894
1484
503
841
2881
3316
1472
3836
4827
2557
2492
4470
576
1530
5082
3946
3560
2632
3418
81
4347
164
792
2707
1081
1930
3125
352
2405
129
207
570
4739
2
1599
4343
867
1576
910
118
4850
3345
4099
1158
1810
4685
1256
1567
5254
3803
381
2301
3751
114
2109
2683
1328
5129
4046
2537
1670
2547
1714
4369
4290
4669
3581
3584
4922
4381
2137
4081
1862
4443
3510
5330
2534
878
4047
2763
1842
603
2206
1776
4446
1317
1652
2899
31
947
3184
4173
719
357
3817
1903
1276
4265
2916
4298
3698
1203
2638
3671
5224
5372
4633
4891
3124
238
3072
5240
4596
4744
4986
34
390
132
749
1497
3193
99
3437
1905
1031
730
387
742
781
723
5456
5633
1959
197
2622
3039
2886
4098
280
4002
115
3061
5458
2629
5364
3759
3926
5183
1388
1765
991
2413
5491
1216
3007
1513
5305
1409
858
2452
1171
2524
4074
2519
2254
2055
4504
4342
3773
895
1251
5137
2907
3207
5635
5094
2464
4728
2920
4019
3178
1561
1666
538
3419
2970
958
4055
5507
5326
1138
5541
2826
5628
2865
2978
505
1200
2303
3062
2874
2761
5430
4269
3123
2943
1950
1683
1845
186
3603
3106
2013
5140
1733
1626
4635
4093
422
3804
3196
3156
5383
3311
1933
271
4883
836
12
5159
4196
1982
4824
4510
4917
2627
1663
953
3450
3893
4489
4587
2652
2951
1357
98
1687
2408
5483
3436
108
1999
1347
2049
80
4553
4519
4013
4813
3800
2709
311
1595
5584
3628
5573
2753
3941
3966
2972
1122
4393
1692
3445
5359
3252
2905
405
2508
934
2811
2060
4107
626
2203
1431
2299
5512
2703
1838
4869
3022
1944
573
2469
2298
1252
967
2666
1510
2673
4220
1157
844
2682
5298
3354
1978
3040
2422
4354
267
3807
5117
1555
3045
5086
1778
3772
1808
1404
4192
2387
3770
5478
4200
2767
404
5136
4496
4804
5398
4632
1803
4367
3360
5185
1840
304
1667
1469
1348
2924
1199
2733
3951
5178
1176
1172
339
234
2941
1452
3035
4799
4131
3675
1181
2869
4507
1298
1763
4365
389
1524
3111
2269
2252
5022
314
2406
3208
5180
5362
5351
924
2184
1725
4188
4730
1448
3344
4732
2337
4990
514
5442
1586
480
226
20
26
4422
5508
275
1989
4407
2379
5336
371
5447
4760
4678
5232
2892
5576
5629
4809
2183
2980
2884
1815
4461
54
399
134
1919
459
4215
437
2948
2300
5329
1140
172
3064
116
5296
5348
911
551
3478
3289
4031
5375
2505
1036
2171
2517
3198
1027
1470
5223
3790
1786
4447
2178
3589
5637
1837
5466
1387
2999
1253
5048
2169
4249
2187
3010
5481
2600
2903
1374
4729
662
2529
2035
3910
5000
1939
581
907
994
4275
3212
5346
3393
746
2396
4722
4395
4111
2485
5282
4202
242
5349
4783
769
3919
2074
4440
2143
1651
676
1398
436
4181
4273
2764
2845
915
4270
1922
4090
3570
5551
3400
3904
456
4579
1445
4964
5503
2559
1847
2313
2289
3722
3442
1704
4125
4959
4611
556
4335
1483
413
2048
2291
464
4450
3158
2953
1664
3598
2544
3867
1848
3860
29
3629
5065
531
1736
4911
3331
5014
918
93
2130
4980
78
1360
4807
4931
3433
1334
4448
1432
2257
5482
1614
3713
3338
3661
461
1192
808
1245
5079
3982
3133
205
1824
688
3347
3379
4023
3643
1311
4857
5099
255
1678
5190
860
3551
246
520
2964
4601
4502
1970
1823
3985
1552
3728
3076
2496
4531
5428
439
2477
3630
2010
4352
468
2218
3815
661
613
3895
3293
1280
2133
5088
2851
5249
1541
3377
5096
3514
1884
4312
5066
1136
1344
4302
1563
3897
1504
3558
378
4767
4301
1279
2659
569
447
2151
2227
4122
2971
5506
2167
2755
5311
1730
3318
2861
4121
3662
2595
4989
1309
3938
1091
5121
423
3999
5588
3513
3676
5429
489
3777
2720
901
3854
2430
698
2304
2134
2885
1677
2357
5039
4076
1797
680
2611
4758
2758
615
3321
360
3672
2205
3528
2388
3774
5032
4711
759
1686
4195
1247
3779
2220
4148
2635
785
2603
5333
599
5235
3595
992
2565
4084
3412
5412
2507
740
2816
3021
4153
152
5
4339
4627
3128
4683
1596
2032
1282
2621
3600
1818
4491
5553
5320
1092
3604
5448
2112
4609
5109
4262
1479
2043
1673
4332
664
5514
3179
1078
649
5520
5155
4953
2799
4625
5040
2158
2004
5524
1222
4386
4289
2984
2997
3131
4251
4288
1610
1168
3847
3241
2210
4413
3637
212
147
230
5112
1949
3819
3602
1641
2323
3930
1550
3280
2204
4822
5222
1835
1214
1212
3818
5154
1814
929
764
506
4657
5149
189
987
1746
4774
3757
3574
650
3992
2930
3069
3701
5365
4574
5295
1649
5324
1230
5378
1109
4005
4324
752
5453
3262
3118
1013
805
302
5560
5431
5076
303
4337
1511
956
1676
1787
4082
5368
762
5373
1956
2047
5589
4432
4655
2006
2173
1657
606
5047
1368
2172
441
1132
4741
4128
3960
4304
1976
3404
4761
3268
1100
2287
2810
2820
4942
3783
3273
4226
1773
239
3473
928
5461
3234
3233
4331
4307
843
2842
757
1156
560
1184
4991
975
3394
2040
3885
1495
2061
4264
4438
2142
3420
2177
4334
2212
3972
1250
1891
4815
1520
1099
1265
1393
1619
998
2895
5144
2690
3342
3313
3636
2987
3780
4731
250
240
4197
4703
1603
2245
362
4687
3518
909
3025
882
3586
3837
2119
2097
3303
2202
4467
4020
3477
221
1306
2950
2936
3721
4463
4140
3942
775
1888
3894
1451
3666
857
2807
4928
3095
2007
1124
616
32
577
3680
3469
369
2441
5476
2955
3645
473
848
2819
2520
2327
1568
3798
3794
2535
658
4968
2975
1453
4306
3520
908
832
1248
4409
2798
2934
187
43
27
131
182
4248
317
151
11
16
195
192
3172
3194
3206
133
1671
5045
2077
3169
4145
835
14
2168
3905
4630
2241
5028
1559
1035
4414
3742
1877
4326
4481
1640
4554
4766
2129
1909
4435
5339
1844
3587
3066
1485
3426
4882
1009
5055
1243
1159
1726
3220
3012
3444
2854
655
4769
2719
4548
3056
4526
2341
3203
297
4245
4119
2320
1305
3516
3968
2016
1444
451
4966
1024
1951
1564
1628
2350
4736
651
2562
1169
3621
5010
2586
2437
396
2640
2124
652
3030
4061
1577
2963
1832
65
4375
2438
252
3647
2135
5463
4066
1281
2988
2867
542
4118
4746
183
3385
4914
2087
3504
3141
713
5614
3097
2772
1426
2605
3448
1188
636
3428
4884
5413
1382
608
2026
4879
5304
2472
1433
3047
2057
1355
3103
1866
1267
549
5490
1224
5558
741
4033
2324
143
4948
4592
4775
3105
4017
346
2163
5228
127
1271
2455
2752
2194
533
2242
5460
4643
725
5602
2179
1721
3708
2872
5118
1964
3297
4011
3352
3709
2015
1642
4486
5593
5371
3380
1389
949
3090
1708
3075
3383
663
3011
545
450
4987
1227
2189
920
571
3622
4182
4803
3068
3937
2258
2750
3634
2230
1630
5397
1807
2914
3580
850
2844
2645
4929
4073
1121
4695
566
656
3635
1783
1179
5420
1983
1005
5294
4848
5423
3382
3048
5417
1785
2493
1338
5164
2347
2128
1968
2542
582
827
1467
3432
3296
2419
1880
266
2002
3684
826
1332
886
1322
1327
5582
5581
3850
1399
3271
3211
5158
4725
1731
113
4616
5244
500
1851
1882
1266
1088
1242
1422
1129
425
3576
3409
4509
1270
1111
3052
3923
3977
1615
2377
2718
292
2985
1471
3958
763
3309
3625
1521
2353
2421
5421
4303
4988
2482
4819
4165
4456
5610
1175
2705
890
2848
4682
4123
3134
3127
3787
2009
5620
4563
4567
3
3512
1439
4909
5623
2986
4908
3339
1556
522
4075
4025
217
200
3741
3673
4798
3887
5559
4172
5542
1450
1429
1435
1643
3226
3017
751
3737
3493
872
190
68
5069
2670
1799
2548
2503
2556
5444
961
747
3459
3458
4151
2042
922
5147
1014
4141
2121
340
4522
1764
5300
3350
492
3545
1152
837
2744
1984
1090
2620
654
3859
3132
5194
3749
4498
3250
1573
1532
1488
1648
4243
4297
3933
2513
3724
1226
1205
1206
4124
491
3298
2549
2545
4133
550
3099
1631
3511
2250
2041
2710
959
3891
1229
2921
2262
2261
1589
925
5515
2111
3465
4231
1407
4225
1802
1685
4955
2568
4965
1690
4115
3340
228
2784
2036
201
2510
3911
1324
2913
5257
2942
3990
1542
1139
3693
4237
1150
5367
393
466
3657
2938
3372
120
1872
5301
2141
4252
126
1436
1620
2426
2115
2123
2000
3730
3567
5018
731
3314
2870
3761
2527
3032
253
1462
3947
2695
5133
604
3532
4511
4501
1476
502
122
982
930
1254
1209
5020
5543
4839
3396
2067
3789
1160
3264
5385
5380
1834
3618
2593
1147
443
4015
3288
1911
954
2722
1548
4849
3439
5261
4460
1672
3802
5275
1853
670
584
2371
1237
1218
583
203
4681
2401
2251
1691
2671
2648
4757
1881
5527
2219
1962
220
166
5262
5245
3407
1800
1414
701
4235
3497
704
3489
1056
354
1053
359
3856
3853
1417
1046
2100
1569
355
218
194
84
1102
1296
1695
5534
1249
5151
3479
4209
1934
1935
123
1316
932
5212
2561
5618
4905
3146
1760
4562
3874
1072
366
1069
3508
1073
3877
4915
3453
3875
1068
2790
3149
3145
363
3873
1377
3480
679
4646
2915
323
535
3019
1318
4851
2698
2804
2582
1865
1030
2522
2467
400
4517
4178
4159
3088
3886
4218
3481
2795
3217
216
5315
2919
333
3129
3375
3939
2346
3820
3799
5107
2814
83
3816
4865
3362
1740
4720
3482
1985
1826
2381
2873
2944
2794
772
4718
4371
1474
2509
2196
4078
2484
2256
2868
379
4439
3173
1023
686
309
2160
4069
3736
5289
3638
2122
3954
2689
4893
4994
1059
2932
1817
1443
324
5063
4166
5363
5290
756
743
1126
1106
888
3578
1075
734
5078
923
1329
622
3454
2655
1493
4423
532
4885
4814
3181
4336
1871
4201
1705
1457
1366
5438
4176
5443
3725
3533
3359
2364
2223
4415
1180
1198
1593
4366
4377
647
3555
2329
4114
3260
3750
5504
2677
3388
3042
787
2480
729
883
5150
2594
4338
4104
214
3559
3466
270
2891
1662
3715
1549
95
2668
1900
5404
276
315
236
978
1155
4690
2494
4110
1261
3348
71
482
3346
5517
2731
5605
4763
4771
3228
1239
4457
4277
3863
2912
1086
5435
4416
2560
4186
2190
2352
5377
2342
1954
3612
3617
3655
4014
4715
1879
2023
1623
1372
3113
283
897
513
2106
2849
607
2569
1604
4158
1125
100
49
534
5464
1987
3323
565
395
4040
528
3413
4754
4960
3180
402
191
3552
1396
838
4044
3640
4779
517
1613
92
5247
3848
2166
817
4615
3546
2871
4403
321
611
2896
2232
1863
5611
2150
3188
4351
3981
3716
2813
2990
900
178
2684
243
4070
4168
4518
1208
1038
2198
4658
3633
4087
90
2981
2450
5106
5277
2453
4428
5394
4292
1972
5141
1915
4171
1701
564
1131
4495
1508
2979
94
483
1430
4610
1113
5624
2136
2355
970
976
1864
4762
2417
1196
3913
4260
5469
3165
839
5405
536
4529
4801
449
495
4864
3641
5113
3283
1634
4126
4506
1339
1655
638
5104
3744
4675
3573
4972
262
629
1145
712
394
2214
463
547
173
5321
4313
3253
2312
1427
674
718
4967
3177
796
885
2651
3901
4043
96
5467
471
3308
3306
278
4806
4254
544
4150
2908
969
3349
181
3292
1966
612
2992
213
4283
4284
5291
3537
1661
1535
1149
974
1893
1084
2838
2946
3697
46
5376
1037
3810
2385
3078
5128
3406
2931
1506
287
1744
3920
2628
3624
854
971
1201
373
902
4939
2796
3530
2418
4117
1087
4702
4523
4947
4962
4299
481
4998
408
2850
2968
2897
1828
3020
795
2188
2145
690
2191
273
1363
2832
3642
2840
1518
3692
3669
2533
1560
770
4648
2176
3054
5090
2011
585
1361
803
477
1220
1886
1735
3921
4709
2296
1134
2592
5470
3903
3929
2005
3192
5162
4004
3199
1491
2839
256
1104
833
4346
4437
3361
35
3231
1737
3995
2898
1579
4776
4127
4291
3928
2567
5357
553
3591
1572
4316
4382
4379
4645
4344
771
2815
130
4793
3944
1945
138
5108
455
5037
4089
5545
1375
4782
4539
185
125
779
155
1594
1241
1166
5004
3762
990
2702
2664
3971
3422
5591
4505
1522
2701
5193
4497
5188
5203
469
3322
3001
1278
3531
69
392
1537
2248
4713
592
3218
2864
409
5260
1331
3483
938
5622
692
1123
89
56
2514
4665
3446
4468
811
2762
5205
2162
3366
2314
2639
3747
5081
1308
5211
5557
4341
4387
3153
597
4050
5501
1321
4309
1529
5167
1096
4426
1759
3892
3733
2969
4586
4412
5570
119
3686
2966
3472
1696
261
1553
3542
4018
2349
4001
412
2901
5084
3240
3726
4357
5255
842
36
4239
3474
4552
3861
875
1804
2481
351
5019
5353
3651
3890
605
1887
853
2823
5521
1536
5354
1482
470
4451
3601
1890
4224
1174
1875
4846
3691
863
60
479
4480
1858
3571
4007
681
3369
3619
3945
2182
5139
1528
665
4383
596
5468
4333
4473
2856
519
3535
2575
3107
4036
5437
1904
5539
5209
2389
2237
3785
2739
2693
3670
2952
4997
1821
1747
5441
5411
4714
4649
486
4253
2927
1812
1154
1143
1289
2140
768
42
2512
4982
2601
5548
3674
4712
1941
4619
2597
784
806
1337
3278
1931
3002
2700
2680
2367
2025
944
3596
5184
4096
5124
780
3244
2153
3739
3053
2947
325
145
2589
1908
2613
1788
4100
2678
3245
2923
773
2552
2741
2658
3735
4868
4147
3327
1929
414
3005
4634
2574
4394
3364
4445
4406
3391
3665
2730
4555
2200
4797
1545
163
1967
2199
859
1162
1101
4137
5487
4765
4699
4442
1204
4163
4788
4698
2054
921
4101
1148
5095
1369
1902
4938
1468
4400
1011
1503
3154
3197
1700
1699
1741
1706
4863
4590
4704
3468
1391
5494
5192
5248
945
248
3608
5036
4676
5087
1857
177
3301
4778
4764
4671
2834
2382
1182
1961
2967
5110
3745
2612
2833
1588
4979
4975
4603
4716
4618
3290
4666
4656
4654
3700
3291
3255
4433
4429
77
4525
5388
5334
3315
3235
3918
3734
3959
2699
2675
4068
5496
3778
3367
935
4573
3190
5312
3547
3987
5285
1979
1722
3221
5567
3572
1831
5170
3114
2894
1709
2837
227
144
3014
2933
3242
1590
3695
4626
3008
1258
1465
328
41
1442
1473
1032
3325
2650
1480
4092
1302
5026
5148
3616
3610
4022
3924
3830
438
4810
4544
5519
5237
984
1622
103
588
4120
4203
2231
794
2803
543
1885
3281
204
476
5323
5132
4785
3275
4079
5343
5135
4950
3320
5054
3163
2637
1819
682
5134
4359
557
320
499
5177
4933
548
4380
55
2105
1097
739
117
4296
4949
2511
653
4281
2991
1294
1118
993
1370
989
2735
1340
2543
4516
210
1440
386
3844
1082
3832
150
5366
2596
1029
2778
4175
1264
4727
4417
5426
2284
2391
4575
4542
2090
2056
1026
2201
4759
2195
1703
2696
2308
1750
5424
3272
5479
5297
871
4871
4105
512
4854
4300
2928
1659
4295
1779
1605
2983
3215
2882
142
4282
5138
2310
1288
5024
2354
2246
2331
1898
1806
1574
4697
2497
1255
5617
5217
5198
1277
3984
5500
3912
3374
3991
3556
2623
2617
1917
233
2362
5360
4981
2825
2018
5449
4512
1694
4862
5473
4880
2708
2685
1295
4085
2786
3842
5142
1397
1342
1225
1228
1076
4405
1514
1117
4327
44
156
4484
1364
1345
1303
4180
1878
3071
3583
527
277
3740
3649
3962
3788
111
5621
4927
2336
2334
4894
3813
334
552
5006
244
2345
2564
2656
4314
3753
820
3703
3461
3743
3122
3955
2375
4954
4837
1490
5102
4787
1458
1592
948
452
2618
424
1546
2459
2457
2116
5489
5292
2161
715
23
846
4580
5181
4660
2383
1578
5051
4796
5505
4535
2343
2321
2154
4935
3727
1720
299
5092
2812
4528
4524
4045
3689
4024
3690
4392
2827
2489
3119
2729
1980
2404
3046
4318
3057
4305
598
1883
3723
3536
3434
3784
3425
2973
2879
643
4831
4812
4996
2757
2749
5547
3150
4129
5603
5111
73
2581
1899
4662
3195
2982
3265
3104
1500
1499
427
1889
1509
2395
2221
2207
3164
3162
3161
1173
721
1313
2415
4361
1215
5058
5021
879
410
1107
4500
3775
219
2046
193
4431
4700
4330
4242
671
3553
914
3463
407
4532
312
999
668
943
874
5215
2275
3402
4792
507
1170
968
4829
4177
1928
2279
3341
1263
3607
3652
1002
298
176
3274
1645
829
2325
3811
2424
1235
4621
3588
1923
4320
268
5347
4340
2344
2570
2491
2687
3285
232
4493
1486
1492
4520
3765
4835
1333
856
4904
5075
4142
3776
4130
2498
5189
3438
3416
4027
2271
4138
2394
3408
2949
1718
623
4756
3748
5516
3384
3033
4420
672
4455
4404
3029
2925
1660
1475
4411
135
3585
3232
5033
822
3841
3261
3417
1502
3917
1165
3998
3707
5101
1367
4026
5023
3973
3247
467
1798
5403
4039
2348
2339
2779
2661
3353
540
4992
3965
3238
2965
750
5072
1830
728
406
892
2376
2175
2236
3865
3488
2783
4639
4219
3869
2369
5074
5011
3839
3714
3658
1025
2213
2211
2147
5595
5493
4828
4421
4398
5145
2523
5175
3276
2403
2265
2374
2072
5402
5401
5439
5070
5410
4199
4889
4876
5214
913
555
3974
1260
3499
1938
1932
5317
2550
5171
4840
3475
4838
660
1108
4811
5574
5258
5067
4041
1688
2463
2120
3077
2488
3081
1654
4503
3424
4323
4485
3456
2050
981
5308
5059
4958
1713
1702
1211
2225
2538
4777
4606
986
5396
420
4638
3755
2234
2373
3091
1707
3096
4478
2029
3365
2052
1745
1743
2423
1727
1712
4527
4549
4540
4545
4537
3079
4853
4830
4867
5186
5472
5434
5572
4452
3441
2022
4410
3529
1093
4259
1447
2902
4614
3435
1507
5286
4588
4399
3063
4475
5511
3183
1910
3026
5325
4652
5523
3405
5389
3934
5093
1992
1656
1675
3336
1940
1895
4724
2957
3070
265
3089
602
4157
1008
5474
3916
3209
5187
1996
869
2340
609
3263
5046
4642
168
791
813
5213
2351
1371
4721
4057
1349
1920
3368
1636
2084
1762
5050
3763
2268
5233
1816
933
3200
4408
855
1210
4217
2566
5564
5563
4474
3151
485
3969
659
4896
4890
4453
4454
4969
2397
2070
5537
2977
3055
4185
2390
2686
4190
2239
1715
669
4213
4706
2328
5477
4376
5052
2333
1724
1000
5556
1723
1010
4012
4479
1164
2448
1292
1273
4582
2017
3401
4492
509
4401
3993
926
5146
5073
1772
4874
496
2532
1558
3781
2064
5586
5583
800
1128
258
3805
3328
639
4402
4103
5241
3594
428
2368
2071
5230
2066
4859
2717
472
199
4961
5062
4029
1729
2393
3329
1873
2157
4462
3065
2228
2081
600
2165
2274
5085
4194
4193
4183
1795
442
2272
3116
722
1644
5338
417
5242
254
3370
3648
2910
4673
3251
2926
720
296
5005
1738
2193
5465
2724
972
3931
6
2688
149
4466
644
5565
4538
5280
2416
2059
4877
5250
4795
179
1526
2536
4028
3073
5027
3953
518
1913
1827
3517
1780
3227
5526
3563
1953
3239
2192
2372
2270
4390
4378
2858
4735
1682
2095
2911
4274
4472
5236
487
4059
2653
4844
3896
5227
5168
1238
3060
3609
3796
5201
1233
4322
5038
3421
3792
2479
4308
5176
376
74
222
13
4650
5471
3112
184
4244
337
732
1384
2643
1133
1274
814
1272
2132
2995
4051
2961
2044
1373
709
2292
4363
4584
382
330
1820
1517
2180
3967
4329
2862
5229
1257
5510
169
2585
4418
434
4258
5001
567
3522
3166
180
3392
5575
3731
3646
4945
2461
893
4978
3667
4789
4053
1163
3936
1711
5199
403
1461
348
2681
4272
937
5299
736
1094
2110
383
15
3310
2474
388
21
4419
2800
1438
3157
2515
1098
61
3577
1965
17
3464
1042
2460
515
5166
3611
4279
575
162
4805
3907
4719
3599
2633
1943
110
3668
109
3656
2068
2940
431
3756
2528
5231
798
2857
1947
3565
4058
105
63
229
211
3224
4311
2642
5098
4770
1600
1232
4825
2665
3031
1998
3495
5195
3086
2736
1710
666
72
59
1860
3284
2694
3386
3717
5578
5407
5003
4985
3834
5091
1022
2835
1855
3094
1668
2319
2318
1781
5238
2159
786
3943
3935
2692
2526
2277
2634
284
4637
2487
1988
2378
1533
5361
5345
2259
845
3957
5060
1894
957
4668
2504
3949
1346
48
2578
365
4430
45
4436
711
1693
257
4062
4659
2475
3653
3015
4841
4640
3092
2278
1343
5210
4169
1019
2409
1770
5200
2045
2751
4551
4543
4536
641
2003
1354
2063
4464
3411
4571
5182
453
484
223
3059
2447
5279
2399
5283
4772
4315
2449
1161
3679
285
1103
2443
1358
4388
5161
2243
5436
170
1607
52
1825
2186
5341
927
2863
642
1350
1570
2088
5342
586
574
1259
1846
5340
1291
5350
2831
3549
3449
2155
2734
4482
4285
635
812
2366
3554
1921
3427
5566
4280
2008
5587
153
628
3983
1809
272
2442
1732
208
175
3249
546
3267
3451
2181
3681
1897
951
4667
3590
2660
4345
5130
165
4843
3791
1925
85
3175
3028
634
1021
797
3782
3889
3176
3170
4250
1793
2808
4604
4919
3498
1437
4255
1050
1045
344
1412
5636
384
3852
4920
2101
1415
3525
2809
1095
1408
1777
2471
2792
4921
5303
1379
1512
1089
4605
350
1794
306
3171
3900
4932
385
1523
2098
19
3526
4256
1861
2502
825
1790
697
1501
1434
2454
1658
5331
4918
2793
391
1914
1575
4800
4717
4608
706
347
1048
4541
2445
4977
1990
614
5219
4034
5518
269
1612
76
1625
1580
537
3821
433
5492
4048
2255
1974
1602
3729
3312
3626
4465
1796
5083
5056
1142
809
5008
1637
2904
3201
1981
3023
102
5335
3237
64
4425
5043
2929
4006
4360
3806
4818
4370
1146
4441
5049
4458
983
2222
370
88
4083
5422
1240
1416
1028
4577
1323
852
541
5174
1498
1202
1151
4641
3410
568
4310
4257
4268
1531
3940
2989
745
724
761
828
4000
3950
3523
1446
1403
1085
2551
1115
766
2465
5432
5119
5486
4032
4631
4591
884
501
4963
1958
5310
3898
2108
1039
3711
4752
4688
4139
5152
5131
5007
5313
5041
5454
4211
4205
5332
5446
3996
4328
619
2667
4976
2276
2170
4065
2238
3613
2743
2679
3825
1001
2030
973
39
818
4973
421
4940
1775
1850
562
1782
5057
4052
3696
5386
4745
418
1674
91
112
1189
1627
1601
322
171
336
2062
4358
3216
3082
3333
966
3738
3632
3846
3845
440
2398
2697
3248
1650
2365
2266
3050
2860
2841
3051
231
1455
53
338
307
308
288
300
249
3168
1836
2855
263
4971
1315
5053
4391
2580
4860
4842
4852
3685
4689
1299
2286
3167
1719
358
3569
4293
916
1262
3356
995
594
4483
5208
2075
5013
1284
2307
2164
2306
2185
2125
2282
2294
2288
2263
2209
2359
2411
2295
2217
2451
4210
563
1554
572
508
5281
274
67
1582
3927
2558
1698
1496
22
1
1515
891
2852
2847
146
4723
3682
3397
4680
2019
3694
3210
2555
2554
5221
4833
4856
4847
4623
4620
559
1061
1060
3219
1912
4317
82
3003
5243
2127
2117
1774
5316
4943
3561
5306
3915
1401
3871
345
3814
2740
1460
3484
1055
4679
5030
4600
2285
5358
5239
810
4221
5220
4003
3223
4134
2053
5327
4514
2506
2760
2711
917
847
2583
3884
5393
5390
1040
840
1190
1034
870
3430
4578
1716
2065
4471
4773
4930
4629
3862
159
444
4278
4834
2456
1833
1383
2273
2235
2420
946
2069
962
4494
3041
4469
4350
1197
965
830
1669
251
188
1646
259
1665
4372
2866
4154
3098
4995
397
5427
4684
753
4396
3906
2624
1647
2791
702
5406
3833
3699
3538
1320
1300
2676
2215
460
2458
1268
727
474
3279
2118
5419
5374
3257
2264
1635
295
4319
1478
1697
4599
4598
4733
4593
3115
4597
5080
5068
4934
3013
4993
5064
3204
5319
446
398
121
457
5071
4937
3486
1608
3363
1584
3387
1312
940
2470
5400
2518
1033
530
3343
942
5179
3664
107
2721
3857
1044
1049
3851
343
3876
462
1071
912
950
4696
685
3879
4790
2486
2466
198
4116
4097
1768
3597
4855
3182
5488
5522
941
716
3654
3872
4207
290
1494
9
10
7
3102
1428
326
3101
3100
1449
316
1571
2716
3058
2889
3043
3623
2499
3006
2883
2888
1557
1534
3186
2330
5202
5196
5218
5197
4355
1376
2521
631
3018
881
3334
2384
4063
3335
3337
1543
488
3225
5594
2553
4677
2051
101
4747
5318
3769
3909
1016
952
4184
578
815
525
3970
2625
3978
4664
5445
5440
2691
1304
2649
4102
4030
1689
5592
4016
5615
4513
1942
1353
4560
1751
3120
1194
1755
4561
2530
3801
3688
4008
5125
3650
2584
754
3952
4072
4189
4164
1246
1130
738
735
5497
1993
1946
4556
5143
1290
5549
4784
3423
689
57
2789
1811
1791
419
1792
1385
5116
4397
3174
1394
977
4160
1516
291
136
2293
5540
2607
5418
4112
3986
3660
5173
4094
5309
5631
2732
4294
1456
1463
4624
3864
2876
2875
2954
3294
1680
5384
301
834
1583
1487
1841
1822
2356
2197
2247
964
788
4946
5625
2788
5256
2267
2149
1566
4206
5619
675
4861
2039
4146
821
4952
380
3793
906
3299
1874
5293
3455
5382
3083
5002
4900
4899
5606
5604
5607
5600
5599
5608
4895
2766
2765
2769
2079
2078
2080
2082
5278
4581
4576
4897
5609
2083
4585
2768
5601
558
539
2361
2802
1539
2846
2146
2806
3398
5509
3550
47
40
4424
4271
5495
5457
3266
2281
2139
2174
2138
3378
4878
3326
4054
593
3822
2410
2012
765
4768
3515
705
4263
3527
3492
737
341
3521
1057
3135
356
3870
1052
1047
714
1062
342
4569
1752
3849
3855
4236
2434
3496
708
4233
5270
695
700
2092
1423
4910
4246
4558
4232
985
4557
3139
2435
2787
3506
1421
3880
5352
2805
5626
3121
5627
2386
4936
3351
618
1977
1012
5288
802
4925
5381
3746
3500
707
5552
3286
2033
1859
673
3868
2960
5577
4816
3355
86
5265
4095
4198
4187
2738
2748
38
37
4984
2956
1936
1839
996
237
617
3831
3582
3840
4071
2614
2483
657
1074
104
2208
3080
24
5009
667
3843
2785
3719
3254
5276
5271
1749
2630
1402
4607
5251
368
1406
2777
4349
516
3881
717
3503
4088
2756
28
3147
1739
1948
2446
3720
5546
3000
3980
1219
2641
2631
5302
2360
2144
5061
5035
1307
5252
3592
2402
748
3540
1624
1617
2818
2400
5528
2909
2305
97
497
5225
2727
2715
4179
3828
5533
1116
3768
683
939
3704
1064
2148
2412
1766
3236
3752
2102
1734
5126
2626
4476
625
2317
2663
3138
1994
1395
3229
1519
4266
375
2107
1080
2126
5502
4872
3457
5157
591
