   1.8501622e-02  -5.1823472e-01   1.0826739e+00   1.8192614e+00   1.9632724e+00   2.2964143e+00   3.2360103e+00   8.5204357e-01   9.9213382e-01   2.2494580e+00   3.2827219e+00   1.8036023e+00   6.8976415e-01   1.0889042e+00   3.8185717e+00   3.8393396e+00   6.4328172e+00   4.2025045e+00   4.3582832e+00   6.9355933e+00   3.5106179e+00   6.1315021e+00   5.7924913e+00   3.6462622e+00   4.9613270e+00   2.9620402e+00   4.4661610e+00   3.6520605e+00   3.5715992e+00   3.4364765e+00
   4.0601331e-01   1.2670184e+00   8.3186571e-01   1.4164099e-01   1.6539543e+00  -1.0428240e+00   1.6643091e+00   5.6754530e-01   9.6085755e-01  -4.1294359e-01  -1.7840619e+00   9.3134645e-01  -4.6667931e-01   1.0930786e+00   6.3503967e-01   4.5508737e+00   3.4968210e+00   5.0117557e-01   1.9317562e+00   3.2109676e+00   4.2897125e+00   2.8617665e+00   2.1446611e+00   2.3291789e+00   4.1678818e+00   2.9423597e+00   4.4744875e+00   3.1226046e+00   3.5648245e+00   3.8698738e+00
   1.4104004e+00   6.0408893e-01   2.2883545e-02  -4.0671294e-02   1.3025570e+00   4.6113932e-01   3.6462375e-01  -6.9617562e-01   5.0174970e-02   1.9565852e+00   3.7908436e-01   3.2027768e+00   1.0919021e+00   1.1922568e+00   1.3544158e+00   1.4978305e+00   9.6623688e-01   2.6077137e+00   1.8056249e+00   1.8540851e+00   4.2156453e+00   8.6596295e-01   3.0233684e+00   3.2919768e+00   1.7000617e+00   1.9187765e+00   2.1354771e+00   1.2235287e+00   3.5382534e-01   3.0192389e+00
  -3.0442835e-01   1.1694106e+00   9.2803359e-01   2.0257625e+00   3.0002044e-01   6.9592249e-01   1.2846997e+00  -7.3101440e-01   1.7418091e+00  -1.3953414e+00   1.0182215e+00   5.0281213e-01   1.8303916e+00  -9.9165006e-01   2.1300175e+00   4.2488565e+00   3.9789198e+00   2.1499250e+00   2.1652617e+00   2.5173078e+00   3.8125069e+00   1.3942657e+00   1.1414114e+00   2.6388244e+00   1.7350292e+00   1.8835961e+00   1.7904367e+00   1.2287647e+00   6.8118528e-01   1.3786831e+00
   3.4363635e+00   2.4795050e+00   2.4088468e-01   2.2300183e+00   3.8796226e+00   2.4935170e+00   3.1565299e+00   4.2610977e+00   1.2233960e-01   3.3430761e+00   2.7732708e+00   2.9755448e+00   1.6464154e+00   4.0727948e+00   2.2319437e+00   2.0203331e+00   2.8147544e+00   4.5980709e+00   5.5211370e+00   3.6500123e+00   5.9563451e+00   5.3383054e+00   3.0518937e+00   3.4384669e+00   3.2020109e+00   4.5743030e+00   4.0623362e+00   4.2328569e+00   3.7268687e+00   4.3609296e+00
   1.7505262e+00   5.8282814e-01   6.8274082e-02   1.0975807e+00   1.3865732e+00   4.8472544e-01  -5.1272762e-01   4.8937598e-01   8.4607027e-01   5.5974108e-01   8.2053710e-03   8.5532705e-01   2.0380016e+00   1.2154331e+00  -7.7198690e-01   7.3000685e-01   1.5467829e+00   2.4241883e-01   1.3482068e+00   2.6758738e+00   9.9625570e-01   2.8214805e+00   3.0999452e+00   2.6862597e+00   6.4624131e-01   9.4861181e-02  -3.9602725e-01   1.8809973e+00   1.8966499e+00  -2.6634128e-01
   8.0440972e-01  -1.6190147e-01   1.3040910e+00   1.2561438e-01   1.0727981e+00   2.5802070e+00   1.0437989e+00   3.4709464e+00   1.0871407e-01  -7.7253630e-01   1.1403168e+00  -7.0718628e-03   2.8235870e-02  -7.0273233e-01   2.8569407e-01   1.7416927e+00   2.0148860e+00   1.1266402e+00   2.8024645e+00   2.9523206e+00   1.6973067e+00   1.4424449e-01   2.2920278e-01   1.8213217e+00  -7.3088300e-01  -1.8547156e-02   3.2370667e+00  -1.0060263e-01   1.9045282e+00   2.0672643e+00
   1.1693354e+00  -1.0510306e-01   5.2103831e-01   1.8648361e-01   1.5136709e+00   2.4640089e+00   1.6049002e+00   5.9872005e-01   6.8661371e-02  -3.8668980e-01  -3.8456980e-01  -1.6918214e+00   1.4870766e+00   4.6692805e-01   1.5976336e+00   5.5071851e+00   5.2424099e+00   4.0963423e+00   3.6339157e+00   4.8995935e+00   3.8953911e+00   4.1113240e+00   3.6176230e+00   6.2360991e+00   2.5891153e+00   6.0306930e+00   3.4793828e+00   4.9667764e+00   4.2276491e+00   2.2160251e+00
   1.2973631e+00   7.4829480e-01   2.3592797e+00   1.4370868e+00   6.1463812e-01   1.7491519e+00  -1.6547120e-01   1.2959925e+00   1.2745577e+00   1.3301206e+00   9.3303992e-01  -1.2562255e+00  -1.8720337e-01   1.3304043e+00   2.1086216e-01   3.1349627e+00   3.5266410e+00   1.8231792e+00   2.2906179e+00   4.7310680e+00   3.5883169e+00   3.8418331e+00   3.6800377e+00   2.2978103e+00   3.8581992e+00   6.2944017e+00   5.7247446e+00   2.9716524e+00   5.5212178e+00   2.0077101e+00
   2.0587394e+00   1.0595618e+00   1.6141683e+00   2.3522621e+00   3.1017836e+00   2.3372456e+00   1.2924702e+00   3.1686391e+00   1.9085889e+00   2.4663740e+00   1.9437187e+00   1.8991562e+00   1.3780069e+00   1.4798175e+00   3.6171156e+00   3.8638843e+00   5.0055649e+00   2.5790360e+00   3.6363417e+00   4.7635161e+00   3.9276510e+00   6.6075147e+00   4.6242604e+00   5.5306214e+00   3.9976843e+00   5.2758140e+00   4.3345175e+00   3.1497083e+00   5.8316471e+00   3.7173875e+00
   2.4098765e+00   6.2818308e-01  -6.4112513e-01   3.5323022e+00   1.9525775e+00   8.7646695e-01   2.4622485e+00   1.5055210e+00   2.6548347e+00   6.7800094e-01   2.6410300e+00   1.0731367e+00   1.2098407e+00   1.5777188e+00   1.9296541e+00   5.0342563e+00   2.0276785e+00   3.1386423e+00   3.2340125e+00   3.9900046e+00   3.6041738e+00   4.1094561e+00   4.0911633e+00   2.6201362e+00   2.8149191e+00   3.2309495e+00   4.4390644e+00   1.1717766e+00   3.0106903e+00   3.6984103e+00
   5.3440746e-01   2.5952039e+00  -1.0891253e-01   8.4761832e-01   1.7476912e+00   6.6137891e-01   1.1163849e+00   6.0101109e-01   1.0154796e+00   6.6964891e-01   5.8935013e-01   7.1452433e-01   1.3451334e+00   1.4614854e+00   1.2415605e+00   2.2210763e+00   2.2397616e+00   3.5315667e+00   2.8018141e+00   1.4865234e+00   3.1655009e+00   4.1717326e+00   2.9619038e+00   1.6122550e+00   3.5451483e+00   2.7698844e+00   1.6910317e+00   8.0544597e-01   3.5191948e+00   4.2728451e+00
   3.0252288e+00   8.9778683e-01   1.8976914e+00   3.0545971e+00  -2.0530094e-01  -5.6393219e-01   1.3665238e+00   2.2739990e+00   1.8555289e+00   2.2414903e+00  -5.9044815e-02  -5.7357414e-01   2.7133598e+00   1.8754984e+00   1.2267270e+00   2.6479653e+00   1.1393207e+00   4.0358675e+00   5.6402682e-01   1.9105342e+00   2.3680945e+00   1.7802356e+00   2.3035092e+00   3.0767988e+00   2.7664499e+00   2.0923882e+00   3.5142046e+00   1.9251171e+00   2.4482649e+00   2.7300030e+00
   7.0564712e-01  -3.7527445e-01   7.2881901e-01   2.3505688e+00   2.3777074e+00   4.6750737e-01   2.2063088e+00  -2.8080446e-02   3.6669024e-01   3.8007302e-01  -5.0514537e-02   1.0691594e+00   9.5203848e-01  -5.6278547e-01   7.7188462e-01   3.1302616e+00   2.0859658e-01   2.0662814e+00   1.7763900e+00   7.9391163e-01   5.3459682e-01   1.6267696e+00   1.5740698e+00   2.1252088e+00   1.4705521e+00  -1.6821121e-01   2.0115966e+00   1.1914666e+00   3.8241957e+00   1.7465097e+00
   2.6400603e+00   2.4849019e+00   2.9053526e+00   5.8105040e-01   2.9605367e+00   2.0551998e+00   3.0081503e+00   3.3336528e+00   2.5950591e+00   2.5588269e+00   2.8048275e+00   2.7340850e+00   2.1147701e+00   1.4955409e+00   1.9478015e+00   3.5357988e+00   4.3345681e+00   1.5256686e+00   2.1280811e+00   5.1388694e+00   3.5045849e+00   4.6753509e+00   2.8570350e+00   3.9885035e+00   4.2026785e+00   3.2998400e+00   3.2498231e+00   1.3856678e+00   3.8442615e+00   4.1505302e+00
   3.3122162e+00   1.1171041e+00   3.1896477e+00   5.6490522e-01   3.2829615e-01   3.9967276e+00   1.4583662e+00   1.7347974e+00   2.6440241e+00   3.0442152e+00   1.4996253e+00   1.5257137e+00   2.7566737e+00   1.6020600e+00   2.7147398e+00   6.1430991e+00   6.5278277e+00   5.3418562e+00   2.3121520e+00   4.8999164e+00   7.7120111e+00   4.9909147e+00   4.7710543e+00   4.2169573e+00   3.9218757e+00   4.9430890e+00   5.6316164e+00   6.0759964e+00   5.1122092e+00   5.1765961e+00
   2.5854105e+00   1.1768515e+00   4.0570231e-01   1.9525949e+00   2.9960505e+00   3.2793356e+00   3.2781103e+00   3.2696251e+00   3.6424372e+00   3.4229268e+00   4.1295745e+00   3.2838728e+00   1.3269945e+00   2.6968976e+00   3.8257985e+00   3.9960470e+00   3.4671089e+00   3.6254082e+00   3.4829129e+00   2.4984663e+00   3.1771422e+00   2.8683825e+00   1.5130014e+00   5.0904153e+00   5.2785486e+00   3.6848656e+00   4.3442226e+00   4.8609843e+00   3.6692413e+00   2.6104679e+00
   2.7111616e+00   2.5457084e+00   2.1621311e+00   2.6209935e+00   4.0811411e+00   2.8717793e+00   2.6399021e+00   3.6546883e+00   3.4272411e+00   2.9446817e+00   3.3810596e+00   1.1636546e+00   2.7104294e+00   4.1516292e+00   4.4415880e+00   2.1919679e+00   2.4138575e+00   3.4129929e+00   2.6533998e+00   2.5208073e+00   3.9840594e+00   2.7345162e+00   3.4576143e+00   3.4755912e+00   3.5193529e+00   3.6035254e+00   2.4831476e+00   3.3504977e+00   5.6064335e+00   3.1272827e+00
   8.5173654e-01   2.6375514e+00   9.7978427e-01   1.6930201e+00   2.3226165e+00   1.3913097e+00   8.6784589e-01   8.5417328e-01   1.3963995e+00   6.4927560e-02   2.0047286e+00   6.2726097e-01   2.1298913e+00   3.6203471e+00   9.8126538e-01   3.2898046e+00   6.2142285e+00   3.9754459e+00   4.9343594e+00   4.6933013e+00   1.7189619e+00   3.5488834e+00   4.0168564e+00   6.3905090e+00   4.5457558e+00   2.9632984e-01   2.4472077e+00   4.1669568e+00   3.8345425e+00   3.6335784e+00
   3.1012208e+00   2.9354544e+00   1.7886728e+00   3.6437599e+00   4.1875725e+00   2.8896128e+00   4.9008552e+00   3.3397844e+00   1.4350167e+00   1.1601843e+00   2.6554070e+00   2.5551282e+00   2.5109652e+00   3.5481257e+00   3.6140429e+00   5.1242058e+00   4.1669776e+00   2.7312356e+00   4.2711824e+00   5.0173167e+00   3.7665960e+00   4.1504074e+00   6.7423221e+00   3.8778261e+00   5.1086856e+00   3.4375104e+00   5.2862625e+00   5.9264587e+00   2.2487186e+00   5.1306536e+00
  -4.9413886e-01   1.4985105e+00   6.5996113e-01   1.1977233e-01   2.1618799e+00   1.6082285e+00   9.2218953e-01   1.8748854e+00   1.5616857e-01   1.2707439e+00   1.1577992e+00  -4.5640363e-01   6.7404070e-01   1.6540166e+00  -1.8541418e-01   1.7044426e+00   4.5761989e+00   2.1597769e+00   4.8163987e+00   4.5512867e+00   3.2052748e+00   5.0769481e+00   4.2344848e+00   2.0855345e+00   2.9702720e+00   2.1942927e+00   3.9551729e+00   3.1575240e+00   1.8315753e+00   3.9480450e+00
   9.9500555e-01  -8.8713836e-01   1.8016942e+00  -4.4080948e-01  -6.2875024e-01   2.5175289e+00  -6.5661607e-01  -7.7134497e-01   6.1236374e-01  -4.5655184e-01   1.6243816e+00   1.5139340e+00   4.6022232e-01   1.3787062e-01   1.5751751e+00   9.3025480e-01   1.5547488e+00   2.5099052e+00   2.7367836e+00   2.7640448e+00   1.8845650e+00   8.4331715e-01   2.5057228e+00   1.0805787e+00   2.7747717e+00   8.9825882e-01  -5.6558865e-02   9.8742264e-01   6.8746591e-01   2.1989334e+00
   2.7462861e+00   6.6211882e-01   1.0842852e+00   9.2154300e-01  -1.1828891e+00   1.4496027e+00   1.7584548e+00   1.4848297e+00   1.2499418e-01   1.6876421e+00  -1.1151160e+00   2.6173407e+00   1.5438342e+00   1.0228575e+00   1.1376464e+00   7.9380561e-01   4.5518849e+00   3.0031242e+00   5.3645662e+00   3.1329576e+00   4.1272174e+00   3.4038224e+00   2.1588405e+00   3.6143874e+00   3.8670660e+00   1.3804766e+00   4.1957094e+00   3.8582632e+00   1.8720918e+00   3.9023359e+00
   2.1150343e+00   2.5443700e+00   4.0342580e+00   2.7863458e+00   4.5955202e+00   3.6700939e+00   4.4888180e+00   2.7700034e+00   3.0982081e+00   1.4226233e+00   4.0996964e+00   3.0427283e+00   4.4844684e+00   2.0066585e+00   3.0254951e+00   3.2046963e+00   4.1864231e+00   2.2324641e+00   3.2082884e+00   5.4113810e+00   2.2723927e+00   3.8158718e+00   3.2841650e+00   5.1368801e+00   3.1080032e+00   3.5984782e+00   3.2638999e+00   3.7638267e+00   3.1063696e+00   1.7347534e+00
   2.2614017e+00   1.9025293e-01   7.0720020e-01   1.6822950e+00   1.7941928e+00   2.0827816e+00   1.9970292e+00   1.7575942e-01   2.5104734e+00   1.8636630e+00   1.0249361e+00  -9.6397069e-04   3.4003439e+00   1.8966440e+00   3.1165835e+00   3.0510507e+00   2.6893339e+00   2.8478913e+00   2.0234619e+00   3.3356640e+00   2.8438539e+00   1.8860585e-01   1.2901142e+00   2.5740667e+00   3.4046580e+00   2.2423842e+00   3.6516158e+00   2.7622511e+00   2.7858087e+00   4.1726617e+00
   2.0960444e+00  -4.7739400e-01   8.4956749e-01   1.9003378e+00   8.6236068e-01   1.3967946e+00   1.6321899e+00   5.6693813e-01   1.0869956e+00   1.4714206e+00   8.4455843e-01   1.5008280e+00   1.5390012e+00   2.0796108e+00  -1.2367680e+00   1.8470635e+00   1.6231455e+00   7.5069531e-01   2.4960228e+00   2.3510322e+00   8.4318644e-01   2.5539830e+00   2.4644741e+00   3.7965843e+00   3.4370913e-01   2.1348698e+00   2.7155202e+00   1.1643359e+00   8.5114881e-01   1.4653727e+00
  -1.3130486e+00   1.2118985e+00  -5.0221204e-01   9.0235428e-01  -1.2529800e-01   1.2823094e+00   3.8593285e-01   1.2024376e-01   4.4565478e-01   6.6052631e-01   1.1653198e+00  -2.2759345e+00  -1.0857032e+00   1.5766303e+00   3.9359584e-01   3.2217964e+00   3.7006451e+00   4.4965922e+00   3.4011837e+00   2.0817626e+00   3.0615055e+00   4.6901615e+00   3.2588534e+00   3.7894677e+00   3.4975669e+00   3.1072967e+00   4.7433075e+00   3.9339048e+00   2.1568299e+00   4.1765411e+00
   5.2380257e-01   1.9760119e+00   2.5517056e+00   2.1415171e-01   4.2985845e-01   3.2241181e+00   1.8061744e+00   8.8117818e-01   2.3709843e+00   9.5142314e-01   2.5472034e+00   1.4298076e+00   2.3277981e+00   1.6865569e+00   8.7826160e-01   1.0059034e+00   5.4966614e+00   4.0376379e+00   3.6953189e+00   4.2537810e+00   4.4509352e+00   3.6737855e+00   3.4745427e+00   4.8154025e+00   2.5417347e+00   4.6655093e+00   3.4196740e+00   5.1730246e+00   3.7160180e+00   5.2421974e+00
   1.6938716e+00   4.7757818e-01   8.7151663e-01   1.8200716e+00   1.3440891e+00   1.1668671e+00   1.9936235e+00  -8.3149675e-01   2.3386972e+00   7.7547322e-01  -4.9152791e-01   4.3252406e+00   5.5567152e-01   1.3398432e+00  -4.3559458e-01   6.1987896e+00   5.3556586e+00   4.9717892e+00   5.1297683e+00   4.1636633e+00   6.0850237e+00   2.0285769e+00   4.6730141e+00   4.0068936e+00   4.0274866e+00   3.2588876e+00   4.6126635e+00   5.1194542e+00   5.4932508e+00   5.1623294e+00
   1.2842004e+00   2.4898148e+00   2.1642218e+00   2.4955719e+00   3.0959535e-01   1.3699363e+00   1.4893151e+00   7.7458674e-01   3.1324983e+00   2.1259863e+00   1.8040847e-01   2.1232716e+00   6.3992008e-01   2.3148020e+00   2.3214796e+00   3.7441412e+00   4.5194277e+00   4.6579664e+00   4.5952843e+00   3.4198828e+00   4.6114233e+00   3.1829206e+00   4.4130006e+00   5.5958526e+00   3.9366707e+00   2.2400000e+00   5.0757298e+00   5.4177525e+00   3.8211132e+00   4.1136392e+00
   1.5320404e+00   1.0736690e+00   1.5101980e+00   1.4783879e+00   2.7514692e-03   1.0687446e+00   9.1751149e-01   8.3645827e-01  -1.8310048e-01  -7.4820329e-01   1.4156229e+00  -3.0786437e-01   1.5391762e+00   2.9348840e-01   4.3746082e-01   4.3851353e+00   2.3541955e+00   1.9284504e+00   3.3381402e+00   8.2513538e-01   3.6177782e+00   3.5123634e+00   3.7005282e+00   1.7980290e+00   4.0390182e+00   1.9629241e+00   4.1921053e+00   4.1338668e+00   1.8477453e+00   4.8600302e+00
   1.6576653e+00  -1.4771667e-01   7.6372180e-01   2.1521233e+00   6.3339444e-01   1.8387289e+00   3.1540216e-01  -8.8145289e-01   1.0474550e+00   1.4062029e-01  -6.8499977e-02   1.7288017e+00   1.3260629e+00   1.0716686e+00   4.3871169e-01   8.9876979e-01   1.3999022e+00   2.3514383e+00   3.3543604e+00   4.4164614e-01   3.3763798e+00   3.0114663e+00   2.0900071e+00   2.9383227e+00   2.0810060e+00   2.8640243e+00   2.8443326e+00   2.4656082e+00   2.3879521e+00   3.1291518e+00
   1.8346323e+00   2.4623097e+00   2.0118966e+00   1.4498215e+00   1.8786290e+00   2.3386277e+00   4.3723162e-01   2.3857933e+00   1.7115982e+00   4.5115355e-02  -5.0856136e-01   8.3932952e-01   9.2896504e-01   1.4780272e+00   1.2067924e+00   4.8466900e+00   4.5978423e+00   3.8263694e+00   4.7991669e+00   3.8903817e+00   4.9221318e+00   3.3706721e+00   4.3784263e+00   4.6731231e+00   3.1324300e+00   5.0914593e+00   5.4802152e+00   3.4757618e+00   3.6493215e+00   3.4876268e+00
   4.0970598e+00   3.0963120e+00   5.1160975e+00   2.1338168e+00   3.1825245e+00   2.2640876e+00   2.5384024e+00   2.2063566e+00   2.5427664e+00   3.8090097e+00   2.4476517e+00   3.8421262e+00   2.4286945e+00   3.3280741e+00   2.3714409e+00   5.8157888e+00   6.7443020e+00   5.9633569e+00   4.0956092e+00   5.1879056e+00   3.9576870e+00   6.4321671e+00   6.1353855e+00   5.7886239e+00   5.2684053e+00   4.6622780e+00   6.2074142e+00   4.5751799e+00   5.4401964e+00   5.7446504e+00
   1.5106435e+00   2.3209601e+00   1.3666817e+00   6.9271550e-01  -5.0337597e-01   1.7542653e+00  -3.4630896e-01  -1.2218878e+00   3.3373548e+00   2.5715175e+00   4.4442087e-01   4.7715914e-01  -4.4336886e-02   2.2606643e-01   2.7941442e-01   1.4344778e+00   1.0890945e+00   3.7827888e+00   2.3014676e+00   7.0976045e-01   1.8762866e+00   1.5914976e+00   1.9635734e+00   3.5953198e+00   7.3656243e-01   3.4576771e+00   2.4277992e+00   2.3612757e+00   2.2688652e+00   1.7400005e+00
   2.3135621e+00   2.2607520e+00   1.1109367e+00  -1.3262938e+00   2.6045922e+00   9.5057487e-01   1.3712950e+00   1.2336269e+00   1.9786637e+00   1.8317482e+00  -3.8591083e-02   2.4647034e+00  -7.1748111e-01   2.4685194e+00   2.0007783e+00   4.9630795e+00   1.2565067e+00   2.8580986e+00   1.9484363e+00   1.7785228e+00   2.6672107e+00   2.5358349e+00   8.0540498e-01   1.8563343e+00   1.8856074e+00   2.4106568e+00   1.8156588e+00   3.4751835e+00   2.6665341e-01   5.3475732e+00
  -9.2177611e-01  -4.0345759e-01   1.1938218e+00   7.5396661e-01   3.1341514e-01  -5.5275637e-02   3.8313062e-01   1.7682933e+00  -5.7027463e-01  -4.6721786e-01  -8.2915918e-01   1.2895507e+00  -1.3475162e+00   1.2556014e+00  -5.3397088e-01   5.1212433e+00   4.8230321e+00   3.0055513e+00   2.1212778e+00   4.0480420e+00   5.5088892e+00   1.6947027e+00   3.8168056e+00   6.5135193e+00   4.6730498e+00   3.2231165e+00   3.3960577e+00   3.5183835e+00   3.7519858e+00   2.3214115e+00
   2.6089144e-01  -1.0112550e+00   3.3662168e-01   3.9762666e-01   2.1511318e+00   8.2216578e-01   2.3967212e-01   3.3368114e-01   1.0925578e+00   5.0954139e-01   5.7135138e-01   4.9455337e-01  -8.9310962e-01  -2.0972549e+00   2.2316110e-02   3.1930232e+00   2.4976136e+00   2.4269076e+00   2.5108422e+00   2.2131081e+00   3.2974406e+00   4.0198304e+00   2.4323676e+00   2.0009913e+00   2.5259403e+00   2.1051626e+00   3.1522470e+00   2.9594155e+00   2.7159812e+00   4.0592193e+00
   1.2466877e+00   1.3304787e+00   2.9633511e-01   8.1230116e-01   1.9440448e-01   2.3355062e+00  -8.4418731e-01   1.5653757e+00   2.1036367e+00   1.1798984e+00  -5.0684364e-01   1.1041311e+00   9.8798412e-01   3.1107606e-01   1.8966943e+00   3.9018544e+00   3.0688609e+00   3.2570584e+00   3.9393289e+00   3.8045903e+00   3.9470431e+00   4.0104784e+00   3.6859841e+00   5.0767295e+00   3.0666079e+00   3.3150508e+00   4.9275349e+00   3.1064207e+00   3.2914022e+00   3.2072000e+00
  -1.3234046e+00  -4.9917880e-02   7.6617871e-01  -3.7402668e-01  -5.0195287e-01  -2.8957365e-01  -2.3009748e-01   2.5380108e-01   1.0406173e+00  -5.7259626e-01   1.5954473e+00   5.3652818e-01   4.5576685e-01  -4.5030588e-02  -5.2201480e-01   2.9364743e+00   1.1448985e+00   6.6447751e-01   1.8658356e+00   3.3007538e+00   2.7574787e+00   5.7909254e-01   1.5809925e+00   2.7035386e+00   2.2933011e+00   2.6574888e+00   2.3861720e+00   1.5365136e+00   3.0005145e+00   1.7091705e+00
   2.2220712e+00   1.1211394e+00   1.9597619e+00   8.8410515e-01   1.1974545e+00   4.6614762e-01   2.2139956e+00   2.1383292e+00   2.5184380e-01   2.3103798e+00   2.6300723e+00   1.7739273e+00   2.1941863e+00  -4.7474761e-02   1.9564244e+00   3.3535135e+00   3.9073092e+00   3.1483671e+00   3.2107038e+00   4.1278080e+00   6.1092289e-01  -1.1955897e-01   3.6595622e+00   2.1831612e+00   2.0020059e+00   3.2430586e+00   2.5692529e+00   4.0105008e-01   3.0458890e+00   2.1554970e+00
  -7.7579193e-01   7.7845066e-01   4.4631406e-03   2.3295013e-01   1.7347890e-01   2.3033336e-01   6.4987571e-01   1.1628468e+00   1.8177002e+00   3.9044348e-01   5.5644484e-03   2.0161853e-01  -9.6020960e-01   1.8483395e+00   9.0824999e-01   3.2157403e+00   5.3339566e+00   3.3579566e+00   4.4875120e+00   2.6878080e+00   1.4737595e+00   4.0682066e+00   2.0241001e+00   3.4747623e+00   3.1001233e+00   3.5985173e+00   4.9247633e+00   5.4616447e+00   4.3839742e+00   2.8043287e+00
   2.8185465e+00   2.8918955e+00   2.6798575e+00   1.7827495e+00   4.2633833e-01   1.9564198e+00   1.5825916e+00   1.5856894e+00  -2.0645181e-01   2.7035605e-01   1.3803734e+00   2.1032462e+00   2.1033990e+00   1.6367322e+00   1.5577767e+00   2.1997177e+00   4.2377248e+00   2.8476166e+00   2.9993665e+00   4.2740970e+00   2.0898972e+00   2.5800241e+00   2.4167716e+00   3.2374904e+00   2.2407001e+00  -2.2984397e-01   3.7663632e+00   1.4665531e+00   1.0734756e+00   2.8196419e+00
   1.1596766e+00   1.4182911e+00   3.8281676e+00   1.6344060e+00   1.0007649e+00   2.0482509e+00   1.9274696e+00   2.7200484e+00   3.0742790e+00   1.2816295e+00   1.0567765e+00   1.1682129e+00   2.3916299e+00   2.6111727e+00   4.5454876e+00   3.8341464e+00   2.9482455e+00   2.3700368e+00   1.8070426e+00   2.4678311e+00   3.6027618e+00   2.6493850e+00   3.2072838e+00   1.9843937e+00   1.8664324e+00   4.4729014e+00   2.3748366e+00   2.6608769e+00   1.6857807e+00   1.8846894e+00
   1.0901050e+00  -2.8539616e-01   3.8802698e-02   6.1463749e-02  -1.8178144e+00   2.1388815e+00  -1.0419519e+00   1.0693926e+00  -5.4834603e-01   2.8350177e-01  -4.8229894e-01  -2.3992551e-01   2.0161615e+00  -5.6805397e-01  -7.4488827e-01   1.9210767e+00   9.9707655e-01   4.2773284e-01  -4.0829274e-01   6.3082426e-01   1.4708637e+00   4.6727136e-01   4.5768275e-01   3.0101631e+00   1.0546667e+00  -4.3610668e-02   2.2040917e-01   2.1412986e+00   2.7486611e-01   1.2364933e+00
   2.7454497e+00   2.2797925e+00   2.6295534e+00   2.4901504e+00   1.6879231e+00   2.1953368e+00   2.8654830e+00   2.6579911e+00   2.9115804e+00   3.1809009e+00   2.8996267e+00   2.5185124e+00   2.0159248e+00   2.7231493e+00   3.5496372e+00   6.0019151e+00   7.8385374e+00   5.9429671e+00   5.0878350e+00   7.3486163e+00   5.5182651e+00   5.7037353e+00   3.7947898e+00   6.0872808e+00   7.2798451e+00   7.6211593e+00   5.7239671e+00   5.7678493e+00   4.7280259e+00   6.5189065e+00
  -6.4122062e-01   9.4370515e-01  -5.2696813e-01   1.0592067e-01   5.3802463e-01   1.0758338e+00   1.4954419e-01   5.6078311e-01   1.2459098e+00  -9.6771505e-01   1.1822114e+00  -4.4613145e-01   2.7402234e-01   1.9775486e+00   1.0584745e+00   1.9311695e+00   4.0117193e+00   3.4665591e+00   2.1829409e+00   3.4146283e+00   2.7125743e+00   2.5421810e+00   2.3561432e+00   2.0957334e+00   2.4511888e+00   3.7645475e+00   2.9560794e+00   1.1773638e+00   2.6368796e+00   8.7629264e-01
  -7.6726949e-01   5.4920763e-01   2.0838436e+00   4.4613992e-01   1.2195610e+00   6.1859485e-01   1.8885848e+00   4.2054744e-01   2.2216922e+00   8.0585597e-01   2.6819342e+00  -8.7506628e-02   8.7789884e-01   2.1294286e+00   5.6951059e-01   4.4372079e+00   3.1777548e+00   5.0818852e+00   5.0145750e+00   4.5820384e+00   6.8628105e+00   4.9779446e+00   3.8213967e+00   4.8716369e+00   4.5771471e+00   2.2524937e+00   5.5604420e+00   3.1263161e+00   5.5989274e+00   3.2904718e+00
   1.0635362e+00  -7.8590815e-02  -1.2418658e+00   2.4152719e+00   9.5510070e-01  -1.4040549e-01   1.7214667e+00   1.7862857e-01   1.1597648e+00   6.4090345e-01   9.9425967e-01   1.9930505e+00   1.8404141e+00   1.9152418e+00   5.3605268e-01   3.7526446e+00   2.8707456e+00   3.0189609e+00   3.5766794e+00   2.6211362e+00   4.1907520e+00   3.8111348e+00   4.6426604e+00   3.3077128e+00   3.7577227e+00   2.8799506e+00  -4.0018571e-01   4.1712683e+00   4.0463192e+00   4.1795428e+00
   9.5413329e-01   1.8448976e+00   2.9548819e+00   2.4056766e+00   1.8477641e+00   2.6314080e+00   1.8787221e+00   1.9516955e+00   1.0387406e+00   2.9481252e+00   2.5775744e+00   1.6990780e+00   3.0531266e+00   2.5681096e+00   2.0304168e+00   4.4404377e+00   6.5477499e+00   3.0734541e+00   6.2133989e+00   3.4352995e+00   3.7238609e+00   4.4304142e+00   3.3604423e+00   4.0047707e+00   4.9008656e+00   4.3306646e+00   5.5653207e+00   3.1388540e+00   4.9530493e+00   3.5401300e+00
   3.1405920e+00   2.4608350e+00   2.7450281e+00   3.8070699e+00   2.6945992e+00   1.1334788e+00   2.8514030e+00   2.8804563e+00   2.4141923e+00   4.2882317e+00   4.4826291e+00   9.5941555e-01   3.0266633e+00   2.4677056e+00   2.5137693e+00   3.1505252e+00   2.5617376e+00   4.5373655e+00   3.2280321e+00   2.3253557e+00   2.9032135e+00   2.4351367e+00   3.0109653e+00   4.0175897e+00   3.8281741e+00   4.0229118e+00   1.4593698e+00   3.5228028e+00   3.3089038e+00   2.2845504e+00
   7.8842179e-01   7.6597656e-01   5.4234346e-01  -2.1704881e-01  -2.2052730e-01  -1.0198835e+00  -5.4464230e-02  -6.1402983e-01  -5.2235069e-01   1.7080807e+00   2.5470055e+00  -1.1395748e-01   3.0524687e+00  -8.2798718e-01   2.0369246e-01   4.2025789e+00   3.7132046e+00   4.6524151e+00   3.3637549e+00   4.1699574e+00   3.5363637e+00   2.8310364e+00   4.0282905e+00   3.3162118e+00   3.4929208e+00   4.0455265e+00   2.5801119e+00   4.3870018e+00   2.3116298e+00   3.0595182e+00
   2.8151539e+00   5.2723310e-01   2.3361685e+00   4.0073624e-03   4.1763958e-01   5.1769384e-01   8.0026680e-01   1.9348270e+00  -5.4228994e-01   2.0344790e+00   7.4875736e-01   9.7886120e-01   9.6240682e-01   3.2669454e+00  -4.3587115e-01   2.1507518e+00   3.5703922e+00   1.3653844e+00   3.6877381e+00   3.9353836e+00   4.3761047e+00   5.3726020e+00   4.1128661e+00   4.5791873e+00   2.8162174e+00   4.5201880e+00   2.3682325e+00   5.2591900e+00   3.7382393e+00   4.1123206e+00
   8.7196359e-01   1.3101326e-01   6.0140135e-03   1.0883306e+00   7.8884368e-01  -1.2078855e+00  -1.0169513e-01   3.9021635e-01  -6.2072160e-01   6.0750165e-01   2.5187178e+00  -2.0535682e+00   7.1016753e-01  -1.0721425e+00   1.9832856e+00   1.8463915e+00   1.9517195e+00  -1.4531042e+00  -2.4104613e-01  -2.1816333e+00  -5.8984855e-01  -1.4517395e+00   1.3738832e-01   2.2112289e+00   1.3155889e+00   9.2386892e-01  -1.6202971e-01   9.6584755e-01   1.0296110e+00  -5.7775364e-01
   1.6018528e+00   1.8106961e+00   2.1123135e+00   2.2866476e+00   1.8245105e+00   2.8039750e+00   1.2920611e+00   4.9770760e+00   2.8337817e+00   2.3150505e+00   2.0858519e+00   8.8789268e-01   2.7861454e-01   2.7024533e+00   1.7764475e+00   3.9472620e+00   3.3547049e+00   4.3939179e+00   4.4307139e+00   3.8582404e+00   1.2718482e+00   4.0414814e+00   5.2104727e+00   3.9768916e+00   3.7358952e+00   4.4167904e+00   2.6774296e+00   4.5198669e+00   4.0367449e+00   4.0649608e+00
   2.0644233e+00   1.6047558e+00   4.1358580e-01   9.2787739e-01   1.9132074e+00   1.4067197e+00   1.9176496e+00   2.0951532e+00   2.2382333e+00   1.8431135e-01   9.8079271e-01  -1.3161452e-01   1.1380554e+00   2.0752488e+00   1.7786929e+00   4.1115037e+00   4.5662035e+00   3.6429927e+00   4.3706247e+00   5.0815186e+00   3.9689959e+00   4.4883520e+00   4.3919658e+00   4.8203485e+00   4.6680640e+00   6.1791503e+00   4.9067229e+00   4.5549179e+00   4.5969340e+00   4.9450136e+00
   1.1360848e-01   2.6578763e+00  -5.4088245e-01   1.0335949e+00   1.6321897e-01  -1.7096876e-01   2.3579607e+00  -1.8414597e-01   7.0754339e-01   7.0449281e-01   1.6861930e+00   2.2311378e+00  -7.6567873e-01   3.1957293e+00   1.4097874e+00   4.1997529e+00   2.8543326e+00   2.3593984e+00   4.1297845e+00   4.3433226e+00   5.7992106e+00   3.0359080e+00   4.1530229e+00   5.5749748e+00   3.1168787e+00   4.1047863e+00   5.0294445e+00   3.7589167e+00   2.7424333e+00   3.5602702e+00
   1.9452563e+00   1.3582841e+00   1.2612127e+00  -4.4083322e-02   1.8187104e+00   1.0763178e+00   1.3862214e+00   2.3485595e+00   2.0265479e+00   1.9437162e+00   1.9144566e+00   1.8226382e+00   1.8568005e+00   1.6414346e+00   2.8841066e+00   5.0757417e+00   4.2528381e+00   7.0737164e+00   5.3073330e+00   4.2651771e+00   3.8264280e+00   3.2685644e+00   4.4015039e+00   3.7871244e+00   4.8839354e+00   4.2552094e+00   3.5406233e+00   3.9873277e+00   2.7168245e+00   4.3788481e+00
   5.1314121e-01  -7.8600067e-01   8.4224249e-01   1.6452800e+00   1.3058960e+00  -4.2516208e-01   5.9820631e-02   1.0608617e+00   1.0187896e+00   7.8978253e-01   1.7249507e+00   1.6741147e+00  -7.5478594e-01   2.0294904e+00   1.0714941e+00   2.2858531e+00   2.3510068e+00   3.6192842e-01   1.5556305e-02   6.8451601e-01   2.7014874e+00   1.3663640e+00  -5.6517925e-02   1.5796086e+00   9.9525539e-01   1.2760281e+00   5.8774137e-01   7.3483775e-01   1.0751955e+00  -1.8822243e-01
   1.1227672e+00   1.5921071e+00   5.8151467e-01   1.4153344e-01   2.3221997e-01   1.0510984e+00   1.8455795e+00   6.1193041e-01   1.3217299e+00   1.1452021e-01   1.7815244e+00   1.6819800e+00   4.5008417e-01   6.2031729e-01   1.3681556e+00   3.4671007e+00   2.6695786e+00   1.3093256e+00   3.4009745e+00   2.8984217e+00   3.7274578e+00   3.0109235e+00   1.4496714e+00   4.1250337e+00   1.9615021e+00   3.1643801e+00   1.3013673e+00   2.3772441e+00   3.2755684e+00   1.8215669e+00
   5.2418355e-01  -6.1523943e-02  -4.9148773e-01   1.5355436e-01   9.8109886e-01  -1.5725539e+00   8.8153549e-01   1.0769590e+00   1.0995948e+00   1.7741483e-01  -7.0805167e-01   1.3204067e+00  -6.0327825e-02   1.0516303e+00  -5.5848191e-01   3.8331084e+00   2.5889178e+00   2.9077309e+00   1.7997199e+00   2.0556066e+00   3.3476708e+00   4.3791953e+00   2.7620411e+00   1.6313431e+00   1.1879149e+00   2.5670295e+00   3.2990387e+00   2.1726460e+00   2.6164759e+00   1.4538103e+00
   2.2177277e+00   1.1586036e+00   2.1954103e+00   2.4622035e+00   8.8657170e-01   4.2836699e-01   2.6639948e+00   5.2489089e-01   3.2034458e+00   1.6808926e+00  -1.9064022e+00   4.4333142e-01   9.6791766e-01   1.8775160e+00   2.0922866e+00   1.5781496e+00   8.8914491e-01   1.0975386e+00   1.0749428e+00   2.4063727e+00   1.7062362e+00   1.3570868e+00   3.6124015e-01   6.7989519e-01   7.7069313e-01   1.0349039e+00   6.3335011e-01   1.9238790e+00   2.3329123e+00   1.9339366e+00
  -4.7058526e-01   7.7587378e-01   6.9131955e-01   4.9416184e-01   1.3279359e+00   1.2005988e-02  -2.9765784e-01   1.4241658e+00  -8.7384151e-01   2.1485294e-01   1.9439732e+00   1.6883617e+00   2.3506373e+00   4.5520594e-01   2.9970927e+00   2.1057334e+00   1.3352306e+00   1.6697457e+00   2.0675036e+00   8.5751692e-01   2.7821560e+00   1.8880405e+00   3.4868682e+00   1.3288162e+00   4.5799686e+00   1.7719183e+00   2.7161689e+00   3.3721660e+00   2.7544818e+00   2.4829402e+00
   2.9543123e+00   3.0615270e+00   2.5148434e+00   2.1132713e+00   2.1675391e+00   2.8557588e+00   1.4923697e+00   2.9455538e+00   2.8651334e+00   1.7506295e+00   1.5171126e+00   1.1931759e+00   4.0764861e+00   3.1392677e+00   1.0881938e+00   5.1046696e+00   6.0604249e+00   4.2853011e+00   5.3888403e+00   6.2205002e+00   4.6954657e+00   5.7000406e+00   6.0610238e+00   4.7324061e+00   7.8062727e+00   5.9968589e+00   4.8273023e+00   5.7188629e+00   6.2976842e+00   5.2196081e+00
   2.8604055e+00   2.5176505e+00   1.9639500e+00   1.4586038e+00  -1.1288186e-01   2.5632975e+00   1.2010454e+00   3.1558567e+00   2.2546469e+00   2.2357951e+00   2.8728002e+00   1.2407728e+00   2.3937929e+00   3.7252559e+00   4.3052265e-01   3.8173376e+00   4.5574394e+00   3.4878301e+00   2.5577569e+00   5.6807835e+00   3.0415945e+00   4.7169473e+00   4.6861835e+00   4.0399917e+00   3.0571242e+00   5.0571045e+00   3.6918161e+00   4.9667943e+00   5.3588663e+00   3.4569924e+00
   2.9764053e+00   2.0417575e+00   1.9960117e+00   3.8651958e+00   2.1018863e+00   2.3926074e+00   4.4218580e+00   3.0166462e+00   2.9076929e+00   3.7804077e+00   3.8277353e+00   1.5818316e+00   1.6846374e+00   2.3341943e+00   2.1707225e+00   7.0132034e+00   6.0920976e+00   6.2892436e+00   6.5968870e+00   6.5029153e+00   6.3989400e+00   4.2014077e+00   5.8445497e+00   3.6484064e+00   5.6582594e+00   7.0765870e+00   6.0788982e+00   5.5174918e+00   4.6303718e+00   5.4629141e+00
   1.4199003e+00  -1.2122817e+00   1.2386183e+00   9.2294371e-01   2.2353785e+00   7.4059801e-01   1.2736491e+00  -1.8021849e+00   2.6117677e-01  -2.1024569e-01  -1.3705121e-01   1.0404802e+00   1.0213413e+00   3.4376065e+00   9.2349645e-01   2.4656798e+00   2.1370075e+00   2.5217708e+00   3.4015947e+00   4.5703292e+00   4.8823902e+00   4.7147632e+00   5.0950983e+00   2.1781609e+00   4.0774821e+00   4.9159892e+00   4.6958195e+00   5.2837128e+00   2.8143608e+00   3.0924831e+00
   1.1630380e+00   1.2552847e+00   8.5871065e-01   4.1667510e-02   1.7745201e+00  -1.5122648e+00   6.7895082e-01   1.4081459e+00   2.0104679e+00   1.7482746e+00   2.1306181e+00  -6.7215235e-01   3.5120711e-01   4.4724621e-01   2.7947611e-01   2.8509317e+00   3.9182178e+00   3.1510078e+00   4.1974203e+00   2.4243460e+00   5.3094434e+00   4.2114466e+00   2.5752733e+00   1.6956784e+00   2.7983815e+00   2.5062437e+00   1.8906125e+00   2.2098159e+00   2.1303008e+00   2.8666802e+00
   2.6418562e+00   3.5577077e+00   3.0075612e-01   8.4024919e-01   1.5876194e+00   1.9928064e+00   1.9947489e+00   2.7908456e+00   2.1366240e+00   1.1671269e+00   2.1232444e+00   5.7708048e-01   1.0213631e+00   4.7515572e+00   1.4001128e+00   4.0022323e+00   3.9605320e+00   3.7145137e+00   5.7001215e+00   3.1881595e+00   3.1327244e+00   3.6566573e+00   4.2025324e+00   3.4917383e+00   5.5621526e+00   4.5468923e+00   2.6418779e+00   3.8438549e+00   4.7756878e+00   2.2621102e+00
   2.2529862e+00   2.7024978e+00   6.5511090e-01   3.4197623e+00   1.0226309e+00   8.0776387e-01   1.3684031e+00   1.6759515e+00   2.5328954e+00   1.3705520e+00   1.0971468e+00   1.8818424e+00   2.7650460e-01   1.6672472e+00   1.6558675e+00   5.6826922e+00   6.0960296e+00   4.5106801e+00   5.1514959e+00   6.1644145e+00   5.4428225e+00   4.8228575e+00   6.1008191e+00   6.0559589e+00   5.4164741e+00   3.8529135e+00   4.0787217e+00   3.5067390e+00   5.6200416e+00   5.0391043e+00
   1.7091216e+00   3.8436450e-01   2.2078617e+00   3.9022256e+00   2.2137110e+00   1.6992756e+00   2.9425987e+00   2.8231912e+00   2.9285220e+00   1.3625432e+00   3.5388347e+00   3.4340807e+00   5.8622158e-02   2.2364039e+00   7.2105094e-01   3.4528833e+00   4.5578230e+00   5.4184730e+00   4.0395105e+00   3.9495835e+00   5.9577577e+00   4.7346302e+00   4.4618042e+00   4.3989900e+00   3.8122171e+00   4.3072301e+00   3.6714563e+00   3.6299612e+00   3.6835983e+00   3.4625057e+00
  -9.6787956e-02   2.0201908e-01  -9.7590911e-01   1.9157492e+00  -1.0283716e-01  -4.6898910e-02   2.9897387e-01   1.0554672e+00   1.6025970e+00   1.5397393e+00  -2.3597014e-01   6.4717222e-01   2.1538597e-01  -6.3342330e-01   1.0137184e+00   5.2886919e-01   8.1288660e-01   1.2764222e+00   1.2090926e+00  -1.1192810e+00   2.7763209e+00  -2.3458852e-02   1.3248656e+00   9.1800496e-02  -6.1375142e-01  -7.2012358e-01   1.1975293e+00  -3.3140160e-01   9.9154212e-01  -6.8218764e-01
  -1.5206110e-02  -4.0097586e-01  -6.6502190e-02  -9.7525917e-01  -2.4780080e-01  -8.7756849e-01   1.0986418e+00   1.5866243e+00   2.1633410e-01   1.1391633e+00   1.5084789e+00  -1.6209644e-01   9.5282782e-01  -1.6706919e+00   3.4025885e-01   3.2286130e+00   2.4957031e+00   6.0207082e+00   1.9593447e+00   2.1741942e+00   2.3547220e+00   3.0485557e+00   2.4151629e+00   3.0333494e+00   3.1959165e+00   4.4312725e+00   2.4973176e+00   3.5659423e+00   1.8030589e+00   4.0183086e+00
   4.8963249e-01   9.4021394e-01   1.0233948e+00   1.7512295e+00   2.0201414e+00   2.5448062e+00   2.6670941e+00   3.1962555e+00   3.2818061e+00  -1.4053888e-01   3.5486288e+00   1.9161904e+00   2.1708999e+00   1.6473348e+00   2.1138969e+00   4.1421916e+00   3.0427975e+00   2.8310631e+00   4.1407169e+00   5.0020875e+00   2.5481590e+00   4.8528199e+00   4.0365159e+00   6.3356581e+00   4.1460555e+00   4.5302724e+00   3.2070744e+00   3.7542225e+00   3.9214550e+00   3.0924134e+00
   6.0803895e-01  -3.9231048e-01  -3.3251728e-01   6.4311095e-01   2.0958056e+00   1.0817927e+00   6.1076644e-01   1.8006007e+00   1.0700543e+00   4.8109982e-01  -1.2469134e+00   9.1974554e-01   8.3391283e-01   1.4303704e+00   2.4378941e+00   2.2711221e+00   1.6042198e+00   2.0566128e+00   1.9118157e+00   1.9404994e+00   1.6862746e+00   1.5796458e+00   3.5184769e-01   2.1118632e+00   5.2728097e-01   2.8269695e+00  -4.9486199e-01   1.1153203e+00   4.0305656e+00   2.3454868e+00
   2.0832118e+00   2.2535740e+00   9.4362531e-01   2.2722662e+00  -5.5525064e-01   1.6138681e+00   1.8510634e+00   3.1020531e-01   5.3511583e-01   2.5183097e+00   4.9142983e+00   3.9226632e+00   1.9847948e+00   2.7937494e+00   1.1875027e+00   3.2706575e+00   4.8307345e+00   4.1633535e+00   3.2065021e+00   3.7882673e+00   3.8671445e+00   2.2540307e+00   2.3028092e+00   3.5630281e+00   4.0496666e+00   3.2477240e+00   2.9835355e+00   3.4679937e+00   3.1777805e+00   3.3302573e+00
   1.1568520e+00   4.1274000e-01   4.4037627e-01   2.6971754e-01   1.4268931e+00   1.7341355e+00   9.6997752e-01  -1.4835901e-01   6.9233600e-01  -7.1434684e-01   2.1981619e+00   7.6918909e-01   2.8359039e-01  -8.3281356e-01   2.3923144e+00   1.9077506e+00   4.4070510e+00   2.0274431e+00   1.9171772e+00   3.2017700e+00   2.2812477e+00   4.0651495e+00   2.3834318e+00   2.8892652e+00   2.6611833e+00   2.9083696e+00   3.0440423e+00   2.5563006e+00   3.2583575e+00   4.7383286e+00
   3.6889562e+00   2.3012492e+00   2.4191137e+00   1.2677996e+00   1.2373676e+00   3.8237308e+00   1.4460223e+00   2.9306680e+00   1.7404644e+00   2.0387663e+00   3.2954999e+00   3.1842419e+00   4.1315111e+00   3.2313855e-01   3.3004336e+00   2.9159353e+00   1.9691444e+00   3.8303923e+00   2.3121080e+00   5.2270281e+00   4.1249878e+00   3.7118204e+00   1.6269919e+00   1.7731859e+00   4.6259527e+00   2.2237084e+00   4.1873951e+00   2.9083461e+00   3.6682272e+00   1.2737456e+00
   1.0524303e+00   1.0355314e+00   1.2872865e+00   9.5659559e-01   2.3476798e+00   2.9522107e-01   1.1647830e+00   4.2852499e-01  -3.2574648e-01   9.7782745e-01   6.3622491e-01   1.3237868e+00   1.1834199e+00   9.6673287e-01   1.2367408e+00   3.8869917e+00   4.2581152e+00   5.5425521e+00   3.8210963e+00   4.5849769e+00   2.4565644e+00   5.0034433e+00   2.1727194e+00   1.5006208e+00   3.6383690e+00   2.5658213e+00   4.5820859e+00   2.6527170e+00   3.6374842e+00   4.4202055e+00
   2.3073199e+00   1.2191126e+00   2.7482051e+00   2.7661779e+00  -7.3988313e-01   1.6581430e+00   1.5946108e+00   1.0773484e+00   1.2666018e+00   2.1778522e+00   1.4264212e+00   8.8311488e-01   2.6967868e-01   1.7290481e+00   1.9985578e+00   5.5207218e+00   4.1287014e+00   4.9515895e+00   4.8708106e+00   1.8391729e+00   5.2952155e+00   4.7215371e+00   4.0429875e+00   2.1194389e+00   4.6665550e+00   3.1193656e+00   3.4971387e+00   4.8439715e+00   3.0660444e+00   4.7433089e+00
   1.9217726e+00   1.4936846e+00   8.7733770e-01   3.4953719e+00   8.9888457e-01   1.2088284e-02   9.9451829e-02   1.8095097e+00   5.0774748e-01   2.5180839e-01  -2.4912919e-01   1.4321401e+00   8.1990469e-01   3.5393251e+00   2.5422869e+00   2.2445133e+00   1.9382321e+00   2.7114230e+00   1.5445726e+00   3.2083514e+00   2.8066580e+00   9.0991827e-01   1.5268661e+00   3.0478855e+00   1.1756448e+00   3.6312618e+00   1.0244269e+00   1.9807729e+00  -7.3725769e-02   2.5648031e+00
   3.7476999e+00   3.5350929e+00   1.2892709e+00   3.0360983e+00   2.8648599e+00   3.5576242e+00   3.7443279e+00   2.8268389e+00   3.5275667e+00   2.8866177e+00   1.5391343e+00   3.8586164e+00   2.2372161e+00   2.4968982e+00   3.1341378e+00   6.4004009e+00   7.1444707e+00   6.1074749e+00   4.9066938e+00   7.7223630e+00   6.8242297e+00   8.0326202e+00   4.9633434e+00   5.9668748e+00   6.3457073e+00   6.6982339e+00   7.6592079e+00   6.9671340e+00   5.9527819e+00   6.3744861e+00
  -7.1141074e-01   2.3928412e+00   2.9041516e-01   1.4057864e-02  -1.4393502e-01   7.8084603e-01  -8.5104028e-01   1.3444796e+00   6.2004279e-01  -2.4094014e-01  -6.1426930e-01  -1.3835322e+00   1.5918420e-01   4.6826204e-01   7.5633201e-01   3.3949513e+00   2.0916654e+00   3.3977552e+00   3.5623128e+00   2.6468601e+00   4.3586167e+00   3.0759643e+00   3.8385041e+00   2.4680019e+00   4.3137088e+00   2.7821228e+00   4.7795844e-01   4.4348210e+00   2.3035772e+00   3.0039058e+00
   3.0188452e+00   1.4495123e+00   2.8781829e+00   3.5084822e+00   2.6038721e+00   2.2895291e+00   2.0960879e+00   1.4657401e+00   3.6896351e+00   1.3929291e+00   3.3958789e+00   1.7159980e+00   2.4166194e+00   3.7544889e+00   3.2055439e+00   3.9841807e+00   2.5069760e+00   2.9905405e+00   4.6030319e+00   2.8832433e+00   4.1056467e+00   2.7417824e+00   3.1072269e+00   3.2889939e+00   4.9224423e+00   3.0079857e+00   4.7145258e+00   2.2711860e+00   2.3217244e+00   4.6429572e+00
   1.3606061e+00   1.0011386e-01   1.4392598e+00   6.3513351e-01  -3.9036098e-01   5.6350651e-01  -4.6784862e-02   1.6022264e+00   1.4069612e+00   7.3842282e-01   2.9653453e+00   9.3098525e-01   2.7842890e-01   5.9701324e-01   1.0499459e+00   5.3729407e+00   3.8731642e+00   3.4348466e+00   2.5459110e+00   4.6134308e+00   4.0447056e+00   2.7526796e+00   4.4469865e+00   3.7707862e+00   3.6767341e+00   2.5302100e+00   3.7238241e+00   3.8575481e+00   4.2789490e+00   2.6082039e+00
   3.9564161e-01   2.4412392e+00   1.9032307e+00   3.2658847e+00   2.7704314e-01   6.5002438e-01   2.4688321e+00  -2.3057899e-01   1.2578537e+00   9.4547278e-01   2.7513623e+00   1.8667963e+00  -3.3436178e-01   2.8778969e-01   2.7181788e+00   2.3688650e+00   2.3980383e+00   2.0097897e+00  -7.3449608e-01   1.6191773e+00   6.9043880e-01   2.0165281e+00   5.4519982e+00   3.0053994e+00   4.6536374e+00   3.4091200e+00   1.1326751e+00   8.8687537e-01   1.3339170e+00   1.3698383e+00
   1.5034032e+00   1.8556485e+00   3.5235321e+00   3.3522991e+00   1.4304298e+00   3.1712447e+00   1.5650383e+00   8.0276698e-01   2.1557861e+00   1.9539613e+00   1.7541793e+00   1.3212850e+00   1.7959118e+00   6.5311215e-01   3.2237114e+00   5.5185138e+00   3.7604894e+00   5.0049563e+00   5.0046101e+00   3.6053811e+00   3.0878820e+00   4.6379181e+00   4.6342369e+00   2.7772976e+00   3.9220230e+00   4.9879610e+00   4.5408455e+00   3.7205913e+00   4.2218706e+00   4.0493289e+00
   3.8891050e+00   1.4255444e+00   2.2589939e+00   1.5792443e+00   3.1734043e+00   2.5582697e+00   1.0810173e+00   3.1005714e+00   3.0959509e+00   2.5055660e+00   6.2922206e-01   2.1571327e+00   1.2588570e+00   3.9816341e+00   4.5289042e+00   3.4760024e+00   2.9401697e+00   3.5935037e+00   3.2355682e+00   4.5587166e+00   1.7108906e+00   3.5435753e+00   4.4386386e+00   3.2844066e+00   4.4458631e+00   3.6116299e+00   2.3501137e+00   3.2643791e+00   3.5746347e+00   3.5311935e+00
   9.9122430e-01   1.4382666e+00   1.3835324e+00   4.5283889e-01   5.3660924e-01   9.7288148e-01   1.9359156e+00   9.8235192e-01   2.2875468e+00  -4.6587780e-01   1.3597155e+00   1.7456092e+00   1.0269398e+00   1.6078599e+00   7.1041421e-01   2.6311087e+00   2.7263231e+00   1.8019151e+00  -3.9100786e-02   2.1081971e+00   3.4638335e-01   1.2177244e+00   1.0863990e+00   2.6350227e+00   2.0752968e+00   2.2734602e+00   3.0084973e+00   4.2629234e-01   1.5286846e+00  -2.5616929e-02
   3.1966905e+00   4.3600526e+00   2.7936333e+00   4.1477395e+00   4.3441990e+00   1.5483746e+00   4.2486566e+00   1.6764493e+00   3.6125193e+00   3.9010767e+00   2.0713788e+00   1.4716826e+00   3.7145044e+00   4.4522705e+00   3.3719231e+00   6.9125336e+00   5.6894467e+00   5.9517259e+00   5.7180460e+00   8.2125323e+00   6.4289568e+00   5.9179833e+00   7.3657731e+00   5.2663141e+00   5.9996350e+00   7.6283332e+00   8.0942973e+00   5.0214912e+00   6.7172341e+00   6.5153286e+00
   9.3003011e-01   1.5499369e+00   2.6177900e-01   1.2301263e+00   9.8210853e-01   1.1546569e+00   1.5143092e+00   5.4949895e-01  -5.1360646e-01   2.1662039e+00  -9.3738246e-01   1.8897258e+00   3.2116390e+00   3.8780379e-01   1.5818879e+00   3.3255685e+00   1.3665392e+00   1.3045885e+00   2.7163375e+00   7.4731068e-01   1.3207251e+00   2.6650729e+00   9.2875998e-01  -4.6213120e-01   3.3911652e+00   2.6805645e+00   3.2439503e+00   1.7808828e+00   3.1886689e+00   1.6856362e+00
   7.6793977e-01   3.3607898e+00   3.5397134e+00   1.7964639e+00  -4.5937167e-01   4.0936719e+00   1.5420600e+00   8.2085913e-01   1.5242879e+00   1.2769154e+00   1.8514253e+00   2.2667223e+00   1.9231630e+00   2.4121632e+00   1.6235333e+00   2.2277551e+00   3.8837429e+00   2.0007158e+00   2.5908170e+00   2.6051312e+00   2.8486101e+00   2.4654985e+00   3.5895927e+00   3.4089952e+00   3.4529160e+00   4.6276071e+00   3.0147367e+00   3.2536450e+00   1.7048374e+00   3.1042854e+00
   8.4383170e-01   1.9079474e+00   1.1457879e+00  -3.0392858e-01   9.4920190e-01   1.6930913e+00   5.4386107e-01   5.0704672e-01   1.1812171e+00   6.6623118e-01   1.9846091e+00   7.6098370e-01   1.8139201e+00   3.4527984e+00   2.7162020e+00   1.5441296e+00   2.7621882e+00   3.2174071e+00   2.1960071e+00   4.1696765e+00   3.0948306e+00   2.1107332e+00   3.3556962e+00   2.6102665e+00   2.1915621e+00   1.4603886e+00   1.5884198e+00   3.3692362e+00   1.8470132e+00   2.2850895e+00
   7.2433449e-01   2.1452100e+00  -1.1288475e+00   5.0853964e-01  -3.7139511e-01  -1.1421240e+00  -4.7157156e-01   5.2928008e-01   8.5241134e-01   4.9439784e-01   1.1372864e+00   9.4068934e-01   1.3332641e+00   8.8269913e-01   9.0983062e-01   2.7717419e+00   3.9446310e+00   3.5598983e+00   2.4004582e+00   1.7509260e+00   2.4346883e+00   4.2125188e+00   2.1582606e+00   5.0035239e+00   2.2135173e+00   1.7572525e+00   1.5349874e+00   5.3158559e-01   1.8548474e+00   1.8872448e+00
   1.8569062e+00   2.4669982e+00   4.5769109e+00   3.4924429e+00   2.9101079e+00   3.0535757e+00   4.0364051e+00   1.3171266e+00   2.5066496e+00   2.4062609e+00   2.5405268e+00   4.1009058e+00   3.2355738e+00   2.8246496e+00   1.6988027e+00   5.4788698e+00   4.5248476e+00   3.5456354e+00   4.5296798e+00   3.1465944e+00   4.5526616e+00   2.9289858e+00   4.4411540e+00   4.5158684e+00   4.8962913e+00   5.7732556e+00   3.5167519e+00   5.1322143e+00   3.0730600e+00   6.1552657e+00
   2.4652676e+00   5.4430660e-01   2.0096320e+00   1.0472959e+00   1.4634424e+00   2.4830112e-01   2.8348284e+00   1.9975827e+00   2.8183508e+00   1.7490117e+00   1.2666039e+00   1.9986531e+00   2.9791617e+00   7.3648228e-02   1.2370726e+00   4.3057599e+00   4.1218593e+00   5.8530995e+00   3.6461175e+00   3.3955732e+00   4.6010286e+00   4.4285724e+00   5.1709855e+00   4.1368101e+00   4.1451732e+00   5.2445743e+00   3.5052412e+00   4.6312456e+00   4.1255938e+00   5.8110268e+00
   1.1303226e+00   3.5023852e-01  -5.5767758e-01  -4.4124355e-01   2.8231463e-01   7.0993113e-01  -4.6667011e-02  -1.4637264e+00   3.8200159e-01  -1.1966376e+00   3.5555188e-01   1.4209310e+00   3.7530532e-01   1.8001100e+00  -1.6463473e-01   2.1216099e+00   1.9417643e+00   1.8297015e+00   1.1660419e+00   2.4813939e+00   1.8015590e+00   1.6493569e+00   4.0723064e+00   1.8071453e+00   2.3882462e+00   3.4173233e+00   1.1467594e-01   3.7779582e+00   3.1114082e+00   1.4742494e+00
   1.1430527e+00   3.1550119e+00   2.5851171e+00   1.7791463e+00   1.2310910e+00   2.7168043e-01   2.7709109e+00   2.4937427e+00   4.9768630e-01   3.6515010e+00   1.7904300e+00   2.0934230e+00   2.0954864e+00   2.6483399e+00   2.3187984e+00   6.2733836e+00   4.2307468e+00   4.9573895e+00   5.4951033e+00   5.1630222e+00   3.7295785e+00   4.9885720e+00   5.7721353e+00   5.9919933e+00   4.6163297e+00   4.9200908e+00   5.1935767e+00   4.7442575e+00   6.9870443e+00   5.1655650e+00
   2.9575515e-01  -5.5484676e-01   1.8311438e+00  -4.9267071e-01   4.9682442e-01   1.2805465e+00   7.7849085e-01   9.0482890e-01   1.9567037e+00   8.8875821e-01   7.7893506e-01   5.7792587e-01  -9.6268946e-02  -2.1935784e-01   5.4586025e-02   2.0547493e+00   3.6087463e+00   3.0304494e+00   3.4045600e+00   2.8550528e+00   2.6285581e+00   3.9837683e+00   2.2563101e+00   2.7871764e+00   1.7146636e+00   2.9320768e+00   3.2746399e+00   2.8554987e+00   4.0633125e+00   2.8769921e+00
   1.6190330e+00   3.4420841e+00   1.9107675e+00   2.7352705e+00   1.3627859e+00   3.9485628e+00   2.4333289e+00   3.5649826e+00   3.2476257e+00   3.5227568e+00   4.4910847e+00   2.7339891e+00   2.0475225e+00   3.3377692e+00   7.0304292e-01   4.3210851e+00   2.1957081e+00   3.2652899e+00   4.3784319e+00   2.9087732e+00   3.0125181e+00   3.9736417e+00   3.1778787e+00   5.2050203e+00   3.4835811e+00   3.1842869e+00   3.3081273e+00   3.5240757e+00   4.6514078e+00   4.3419801e+00
