
7079	 -1.453822e-02
7073	 1.998273e-02
7058	 1.207486e-01

7079	 -6.089414e-05
7073	 3.970076e-02
7058	 1.295656e-01

7079	 6.795981e-03
7073	 7.727557e-02
7058	 1.754028e-01

7079	 -7.562260e-04
7073	 6.856564e-03
7058	 2.911532e-01

7079	 -1.801049e-03
7073	 1.751773e-02
7058	 7.508481e-02

7073	 -1.448850e-01
7079	 -4.455268e-02
7058	 5.442701e-01

7079	 1.557831e-02
7073	 6.722601e-02
7058	 5.309730e-01

7079	 -9.156239e-03
7073	 -9.045662e-03
7058	 1.488586e-01

7079	 -1.249526e-02
7058	 2.004696e-02
7073	 4.789615e-02
