
7076	 -3.331800e-01
7062	 -2.479944e-01
7064	 -2.463208e-01
7066	 -1.565744e-01
7075	 -1.530999e-01
7069	 -1.389722e-01
7081	 -1.164597e-01
7065	 -6.503829e-02
7074	 -4.511034e-02
7067	 -1.358426e-03
7078	 7.397096e-03
7071	 1.675160e-02
7068	 4.966104e-02
7070	 5.358381e-02
7077	 7.645833e-02
7079	 9.183275e-02
7059	 2.278866e-01
7057	 2.774977e-01
7073	 3.679681e-01
7060	 3.757097e-01
7058	 6.325867e-01

7069	 -1.271570e-01
7081	 -5.466984e-02
7074	 -4.736593e-02
7070	 -1.501750e-02
7071	 -6.906669e-03
7077	 6.895343e-04
7078	 3.811484e-03
7068	 9.024586e-03
7067	 9.743350e-03
7065	 1.758222e-02
7076	 1.919592e-02
7062	 5.813464e-02
7066	 5.886307e-02
7064	 8.316948e-02
7057	 8.533215e-02
7079	 1.214588e-01
7073	 1.828096e-01
7059	 2.181711e-01
7075	 2.598940e-01
7060	 3.474210e-01
7058	 5.496744e-01

7075	 -4.378869e-01
7059	 -3.145701e-01
7062	 -3.112776e-01
7069	 -2.343845e-01
7065	 -2.047132e-01
7064	 -1.838988e-01
7068	 -5.173899e-02
7066	 -5.144673e-02
7076	 -4.134164e-02
7078	 -3.798353e-02
7081	 -3.774303e-02
7070	 -2.823695e-02
7071	 -1.456091e-02
7074	 -8.418881e-03
7067	 -7.299214e-03
7077	 4.712876e-02
7057	 1.494077e-01
7079	 2.244106e-01
7060	 2.431010e-01
7058	 2.781156e-01
7073	 4.163121e-01

7069	 -1.710208e-01
7075	 -1.328652e-01
7076	 -8.732493e-02
7065	 -7.244499e-02
7077	 -5.897386e-02
7057	 -4.345898e-02
7078	 -3.604934e-02
7067	 -1.791444e-02
7068	 1.332487e-02
7060	 1.716800e-02
7059	 1.844681e-02
7074	 2.322778e-02
7079	 2.403510e-02
7070	 3.596585e-02
7071	 3.653219e-02
7064	 4.976678e-02
7066	 5.944779e-02
7062	 6.388848e-02
7081	 1.148748e-01
7073	 2.512103e-01
7058	 6.197686e-01

7069	 -2.063422e-01
7075	 -1.879881e-01
7062	 -1.061210e-01
7081	 -9.338577e-02
7060	 -8.805565e-02
7079	 -5.649253e-02
7065	 -4.013821e-02
7071	 -3.266851e-02
7068	 -1.853139e-02
7066	 -1.376220e-02
7067	 -8.261781e-03
7074	 3.014626e-03
7077	 6.242604e-03
7057	 1.527774e-02
7070	 2.773333e-02
7078	 3.124196e-02
7073	 1.586167e-01
7064	 1.669497e-01
7076	 2.232450e-01
7059	 2.368302e-01
7058	 3.404385e-01

7079	 -9.743885e-01
7062	 -5.072906e-01
7060	 -4.270911e-01
7075	 -3.598174e-01
7069	 -3.216942e-01
7065	 -2.737615e-01
7076	 -2.147890e-01
7066	 -1.567553e-01
7081	 -1.116908e-01
7070	 -8.314906e-02
7068	 -2.686018e-02
7067	 2.755839e-03
7078	 1.333768e-02
7071	 4.177716e-02
7057	 4.575232e-02
7077	 5.376197e-02
7074	 6.256009e-02
7059	 1.229500e-01
7073	 1.389096e-01
7064	 1.703546e-01
7058	 2.215724e+00

7065	 -4.301168e-01
7075	 -2.656405e-01
7059	 -1.429188e-01
7079	 -7.020103e-02
7070	 -6.423772e-02
7071	 -5.666622e-02
7074	 -4.448021e-02
7060	 -3.026911e-02
7068	 5.409855e-03
7067	 6.775368e-03
7077	 1.772827e-02
7064	 2.489341e-02
7078	 3.876997e-02
7066	 6.396219e-02
7062	 6.592086e-02
7081	 7.161424e-02
7076	 8.583953e-02
7057	 9.347769e-02
7069	 3.221341e-01
7073	 4.216749e-01
7058	 1.294796e+00

7064	 -1.812911e-01
7079	 -1.533536e-01
7069	 -1.425351e-01
7081	 -1.200478e-01
7060	 -1.007129e-01
7065	 -8.461767e-02
7070	 -5.944234e-02
7068	 -3.563758e-02
7076	 -3.407449e-02
7071	 -2.522528e-02
7078	 -1.436345e-02
7067	 -8.050155e-03
7073	 8.497579e-03
7074	 1.991058e-02
7077	 2.636507e-02
7062	 5.447910e-02
7059	 5.776465e-02
7066	 5.928588e-02
7057	 7.024159e-02
7075	 2.101115e-01
7058	 3.833733e-01

7066	 -1.083807e-01
7075	 -8.406425e-02
7076	 -7.849018e-02
7081	 -7.267569e-02
7058	 -5.256334e-02
7064	 -3.904203e-02
7065	 -1.895886e-02
7069	 -1.850145e-02
7074	 -1.786438e-02
7078	 -1.167398e-02
7079	 -8.679671e-03
7068	 -7.204904e-03
7067	 -1.795445e-03
7060	 -2.013406e-04
7070	 1.981488e-02
7071	 2.826878e-02
7059	 3.375134e-02
7077	 4.576937e-02
7073	 9.172499e-02
7057	 1.406699e-01
7062	 1.922932e-01
