
7076	 -2.499634e-01
7074	 -8.742862e-02
7066	 -5.929058e-02
7081	 -1.870687e-02
7065	 -1.673945e-02
7064	 -1.195502e-02
7061	 -7.606311e-03
7075	 2.807112e-03
7068	 8.061857e-03
7060	 1.057873e-02
7070	 1.544045e-02
7080	 5.001291e-02
7059	 6.485064e-02
7077	 6.991710e-02
7079	 9.187294e-02
7057	 1.543090e-01
7058	 2.114992e-01

7074	 -3.469043e-01
7079	 -1.114745e-01
7065	 -1.911548e-02
7081	 3.797298e-03
7070	 4.201075e-03
7075	 8.944405e-03
7060	 1.453360e-02
7064	 2.426046e-02
7061	 4.412306e-02
7068	 6.654632e-02
7077	 7.185251e-02
7066	 1.066213e-01
7080	 1.229479e-01
7059	 1.546726e-01
7057	 2.008306e-01
7076	 2.039188e-01
7058	 7.317285e-01

7080	 -2.347808e-01
7065	 -1.250040e-01
7057	 -9.377745e-02
7081	 -7.512381e-02
7059	 -7.102055e-02
7064	 -4.680974e-02
7074	 -8.502575e-03
7077	 -6.523125e-03
7075	 -1.351173e-03
7068	 3.609463e-03
7060	 4.300892e-03
7061	 2.399595e-02
7070	 2.868165e-02
7066	 3.803293e-02
7076	 4.683706e-02
7079	 1.360948e-01
7058	 4.667891e-01

7057	 -3.315642e-01
7076	 -2.585606e-01
7079	 -2.348431e-01
7059	 -1.571105e-01
7065	 -1.534228e-01
7080	 -1.366334e-01
7068	 -7.667127e-02
7077	 -5.654418e-02
7064	 -4.486295e-02
7060	 1.309843e-03
7075	 1.352549e-02
7061	 4.323467e-02
7081	 7.580663e-02
7070	 1.004263e-01
7066	 1.143664e-01
7074	 2.041380e-01
7058	 5.441280e-01

7066	 -8.337541e-02
7081	 -6.083278e-02
7074	 -5.016926e-02
7068	 -1.522682e-02
7061	 -1.411360e-02
7077	 -9.238382e-03
7060	 -3.027825e-03
7075	 -2.057102e-03
7079	 -3.071298e-06
7080	 7.144714e-03
7065	 2.371675e-02
7070	 3.557314e-02
7059	 3.930527e-02
7064	 7.412548e-02
7057	 1.143787e-01
7076	 1.715973e-01
7058	 3.453959e-01

7076	 -5.314314e-01
7057	 -3.150501e-01
7080	 -2.163923e-01
7079	 -1.531632e-01
7059	 -1.332888e-01
7081	 -9.239387e-02
7070	 -8.623436e-02
7068	 -8.532260e-02
7060	 -9.890602e-03
7075	 4.331977e-03
7061	 2.068973e-02
7077	 5.855422e-02
7064	 6.905912e-02
7065	 1.719493e-01
7066	 1.911817e-01
7074	 2.074793e-01
7058	 1.431132e+00

7059	 -2.237417e-01
7074	 -2.008673e-01
7077	 -1.240729e-01
7064	 -8.792824e-02
7065	 -2.855895e-02
7066	 -2.771825e-02
7075	 -1.522619e-02
7057	 -1.050986e-02
7060	 3.757987e-04
7081	 2.370066e-03
7068	 4.240098e-02
7061	 7.578826e-02
7070	 9.281384e-02
7076	 1.568837e-01
7080	 1.708193e-01
7079	 3.467325e-01
7058	 9.123904e-01

7079	 -2.358702e-01
7081	 -1.247711e-01
7068	 -8.947028e-02
7065	 -8.563389e-02
7064	 -8.464035e-02
7059	 -6.006869e-02
7076	 -5.513039e-02
7066	 -4.238253e-02
7077	 -3.080614e-02
7070	 -2.970127e-02
7061	 -6.223203e-04
7060	 5.585222e-03
7075	 5.845330e-03
7057	 4.224669e-02
7080	 1.056762e-01
7074	 1.903851e-01
7058	 4.525240e-01

7080	 -3.365825e-02
7076	 -3.238545e-02
7074	 -1.739155e-02
7065	 -1.640039e-02
7066	 -1.342364e-02
7081	 -1.309449e-02
7064	 -1.155041e-02
7059	 -1.120374e-02
7068	 -3.656423e-03
7075	 5.192363e-04
7060	 1.256401e-03
7061	 6.447889e-03
7058	 8.519704e-03
7079	 9.527037e-03
7077	 1.017057e-02
7070	 1.117271e-02
7057	 3.200454e-02
